2064 3088 3852
0 0 2 1 
0 1 1 1 
1 0 3 1 
2 0 3 1 
3 0 3 1 done
4 0 6 0.5 
4 0 8 0.5 
4 1 5 1 
5 0 7 0.5 
5 0 9 0.5 
6 0 0 1 
6 1 7 1 
7 0 1 1 
8 0 45 1 
8 1 9 1 
9 0 46 1 
10 0 16 1 
10 1 11 0.5 
10 1 12 0.5 
11 0 17 1 
11 1 0 1 
12 0 18 1 
12 1 45 1 
13 0 19 1 
13 1 14 1 
14 0 20 1 
15 0 21 1 
16 0 17 0.5 
16 0 18 0.5 
17 0 2 1 
18 0 51 1 
19 0 20 1 
20 0 20 1 done
21 0 21 1 done
22 0 23 1 
23 0 23 1 done
24 0 30 0.5 
24 0 36 0.5 
24 1 25 0.5 
24 1 26 0.5 
25 0 31 0.5 
25 0 37 0.5 
25 1 4 1 
26 0 32 0.5 
26 0 38 0.5 
26 1 59 1 
27 0 33 0.5 
27 0 39 0.5 
27 1 24 1 
28 0 34 0.5 
28 0 40 0.5 
29 0 35 0.5 
29 0 41 0.5 
30 0 10 1 
30 1 31 0.5 
30 1 32 0.5 
31 0 11 1 
31 1 6 1 
32 0 12 1 
32 1 65 1 
33 0 13 1 
33 1 30 1 
34 0 14 1 
35 0 15 1 
36 0 74 1 
36 1 37 0.5 
36 1 38 0.5 
37 0 75 1 
37 1 8 1 
38 0 76 1 
38 1 71 1 
39 0 77 1 
39 1 36 1 
40 0 78 1 
41 0 79 1 
42 0 24 1 
42 1 43 0.5 
42 1 44 0.5 
43 0 25 1 
43 1 13 1 
44 0 26 1 
44 1 77 1 
45 0 27 1 
45 1 42 1 
46 0 28 1 
47 0 29 1 
48 0 49 0.5 
48 0 50 0.5 
49 0 19 1 
50 0 83 1 
51 0 48 1 
52 0 53 0.5 
52 0 54 0.5 
53 0 22 1 
54 0 87 1 
55 0 52 1 
56 0 62 0.5 
56 0 68 0.5 
56 1 57 0.5 
56 1 58 0.5 
57 0 63 0.5 
57 0 69 0.5 
57 1 27 1 
58 0 64 0.5 
58 0 70 0.5 
58 1 91 1 
59 0 65 0.5 
59 0 71 0.5 
59 1 56 1 
60 0 66 0.5 
60 0 72 0.5 
61 0 67 0.5 
61 0 73 0.5 
62 0 42 1 
62 1 63 0.5 
62 1 64 0.5 
63 0 43 1 
63 1 33 1 
64 0 44 1 
64 1 97 1 
65 0 45 1 
65 1 62 1 
66 0 46 1 
67 0 47 1 
68 0 106 1 
68 1 69 0.5 
68 1 70 0.5 
69 0 107 1 
69 1 39 1 
70 0 108 1 
70 1 103 1 
71 0 109 1 
71 1 68 1 
72 0 110 1 
73 0 111 1 
74 0 56 1 
74 1 75 0.5 
74 1 76 0.5 
75 0 57 1 
75 1 45 1 
76 0 58 1 
76 1 109 1 
77 0 59 1 
77 1 74 1 
78 0 60 1 
79 0 61 1 
80 0 81 0.5 
80 0 82 0.5 
81 0 51 1 
82 0 115 1 
83 0 80 1 
84 0 85 0.5 
84 0 86 0.5 
85 0 55 1 
86 0 119 1 
87 0 84 1 
88 0 94 0.5 
88 0 100 0.5 
88 1 89 0.5 
88 1 90 0.5 
89 0 95 0.5 
89 0 101 0.5 
89 1 59 1 
90 0 96 0.5 
90 0 102 0.5 
90 1 123 1 
91 0 97 0.5 
91 0 103 0.5 
91 1 88 1 
92 0 98 0.5 
92 0 104 0.5 
93 0 99 0.5 
93 0 105 0.5 
94 0 74 1 
94 1 95 0.5 
94 1 96 0.5 
95 0 75 1 
95 1 65 1 
96 0 76 1 
96 1 129 1 
97 0 77 1 
97 1 94 1 
98 0 78 1 
99 0 79 1 
100 0 138 1 
100 1 101 0.5 
100 1 102 0.5 
101 0 139 1 
101 1 71 1 
102 0 140 1 
102 1 135 1 
103 0 141 1 
103 1 100 1 
104 0 142 1 
105 0 143 1 
106 0 88 1 
106 1 107 0.5 
106 1 108 0.5 
107 0 89 1 
107 1 77 1 
108 0 90 1 
108 1 141 1 
109 0 91 1 
109 1 106 1 
110 0 92 1 
111 0 93 1 
112 0 113 0.5 
112 0 114 0.5 
113 0 83 1 
114 0 147 1 
115 0 112 1 
116 0 117 0.5 
116 0 118 0.5 
117 0 87 1 
118 0 151 1 
119 0 116 1 
120 0 126 0.5 
120 0 132 0.5 
120 1 121 0.5 
120 1 122 0.5 
121 0 127 0.5 
121 0 133 0.5 
121 1 91 1 
122 0 128 0.5 
122 0 134 0.5 
122 1 155 1 
123 0 129 0.5 
123 0 135 0.5 
123 1 120 1 
124 0 130 0.5 
124 0 136 0.5 
125 0 131 0.5 
125 0 137 0.5 
126 0 106 1 
126 1 127 0.5 
126 1 128 0.5 
127 0 107 1 
127 1 97 1 
128 0 108 1 
128 1 161 1 
129 0 109 1 
129 1 126 1 
130 0 110 1 
131 0 111 1 
132 0 170 1 
132 1 133 0.5 
132 1 134 0.5 
133 0 171 1 
133 1 103 1 
134 0 172 1 
134 1 167 1 
135 0 173 1 
135 1 132 1 
136 0 174 1 
137 0 175 1 
138 0 120 1 
138 1 139 0.5 
138 1 140 0.5 
139 0 121 1 
139 1 109 1 
140 0 122 1 
140 1 173 1 
141 0 123 1 
141 1 138 1 
142 0 124 1 
143 0 125 1 
144 0 145 0.5 
144 0 146 0.5 
145 0 115 1 
146 0 179 1 
147 0 144 1 
148 0 149 0.5 
148 0 150 0.5 
149 0 119 1 
150 0 183 1 
151 0 148 1 
152 0 158 0.5 
152 0 164 0.5 
152 1 153 0.5 
152 1 154 0.5 
153 0 159 0.5 
153 0 165 0.5 
153 1 123 1 
154 0 160 0.5 
154 0 166 0.5 
154 1 187 1 
155 0 161 0.5 
155 0 167 0.5 
155 1 152 1 
156 0 162 0.5 
156 0 168 0.5 
157 0 163 0.5 
157 0 169 0.5 
158 0 138 1 
158 1 159 0.5 
158 1 160 0.5 
159 0 139 1 
159 1 129 1 
160 0 140 1 
160 1 193 1 
161 0 141 1 
161 1 158 1 
162 0 142 1 
163 0 143 1 
164 0 202 1 
164 1 165 0.5 
164 1 166 0.5 
165 0 203 1 
165 1 135 1 
166 0 204 1 
166 1 199 1 
167 0 205 1 
167 1 164 1 
168 0 206 1 
169 0 207 1 
170 0 152 1 
170 1 171 0.5 
170 1 172 0.5 
171 0 153 1 
171 1 141 1 
172 0 154 1 
172 1 205 1 
173 0 155 1 
173 1 170 1 
174 0 156 1 
175 0 157 1 
176 0 177 0.5 
176 0 178 0.5 
177 0 147 1 
178 0 211 1 
179 0 176 1 
180 0 181 0.5 
180 0 182 0.5 
181 0 151 1 
182 0 215 1 
183 0 180 1 
184 0 190 0.5 
184 0 196 0.5 
184 1 185 0.5 
184 1 186 0.5 
185 0 191 0.5 
185 0 197 0.5 
185 1 155 1 
186 0 192 0.5 
186 0 198 0.5 
186 1 219 1 
187 0 193 0.5 
187 0 199 0.5 
187 1 184 1 
188 0 194 0.5 
188 0 200 0.5 
189 0 195 0.5 
189 0 201 0.5 
190 0 170 1 
190 1 191 0.5 
190 1 192 0.5 
191 0 171 1 
191 1 161 1 
192 0 172 1 
192 1 225 1 
193 0 173 1 
193 1 190 1 
194 0 174 1 
195 0 175 1 
196 0 234 1 
196 1 197 0.5 
196 1 198 0.5 
197 0 235 1 
197 1 167 1 
198 0 236 1 
198 1 231 1 
199 0 237 1 
199 1 196 1 
200 0 238 1 
201 0 239 1 
202 0 184 1 
202 1 203 0.5 
202 1 204 0.5 
203 0 185 1 
203 1 173 1 
204 0 186 1 
204 1 237 1 
205 0 187 1 
205 1 202 1 
206 0 188 1 
207 0 189 1 
208 0 209 0.5 
208 0 210 0.5 
209 0 179 1 
210 0 243 1 
211 0 208 1 
212 0 213 0.5 
212 0 214 0.5 
213 0 183 1 
214 0 247 1 
215 0 212 1 
216 0 222 0.5 
216 0 228 0.5 
216 1 217 0.5 
216 1 218 0.5 
217 0 223 0.5 
217 0 229 0.5 
217 1 187 1 
218 0 224 0.5 
218 0 230 0.5 
218 1 251 1 
219 0 225 0.5 
219 0 231 0.5 
219 1 216 1 
220 0 226 0.5 
220 0 232 0.5 
221 0 227 0.5 
221 0 233 0.5 
222 0 202 1 
222 1 223 0.5 
222 1 224 0.5 
223 0 203 1 
223 1 193 1 
224 0 204 1 
224 1 257 1 
225 0 205 1 
225 1 222 1 
226 0 206 1 
227 0 207 1 
228 0 266 1 
228 1 229 0.5 
228 1 230 0.5 
229 0 267 1 
229 1 199 1 
230 0 268 1 
230 1 263 1 
231 0 269 1 
231 1 228 1 
232 0 270 1 
233 0 271 1 
234 0 216 1 
234 1 235 0.5 
234 1 236 0.5 
235 0 217 1 
235 1 205 1 
236 0 218 1 
236 1 269 1 
237 0 219 1 
237 1 234 1 
238 0 220 1 
239 0 221 1 
240 0 241 0.5 
240 0 242 0.5 
241 0 211 1 
242 0 275 1 
243 0 240 1 
244 0 245 0.5 
244 0 246 0.5 
245 0 215 1 
246 0 279 1 
247 0 244 1 
248 0 254 0.5 
248 0 260 0.5 
248 1 249 0.5 
248 1 250 0.5 
249 0 255 0.5 
249 0 261 0.5 
249 1 219 1 
250 0 256 0.5 
250 0 262 0.5 
250 1 283 1 
251 0 257 0.5 
251 0 263 0.5 
251 1 248 1 
252 0 258 0.5 
252 0 264 0.5 
253 0 259 0.5 
253 0 265 0.5 
254 0 234 1 
254 1 255 0.5 
254 1 256 0.5 
255 0 235 1 
255 1 225 1 
256 0 236 1 
256 1 289 1 
257 0 237 1 
257 1 254 1 
258 0 238 1 
259 0 239 1 
260 0 298 1 
260 1 261 0.5 
260 1 262 0.5 
261 0 299 1 
261 1 231 1 
262 0 300 1 
262 1 295 1 
263 0 301 1 
263 1 260 1 
264 0 302 1 
265 0 303 1 
266 0 248 1 
266 1 267 0.5 
266 1 268 0.5 
267 0 249 1 
267 1 237 1 
268 0 250 1 
268 1 301 1 
269 0 251 1 
269 1 266 1 
270 0 252 1 
271 0 253 1 
272 0 273 0.5 
272 0 274 0.5 
273 0 243 1 
274 0 307 1 
275 0 272 1 
276 0 277 0.5 
276 0 278 0.5 
277 0 247 1 
278 0 311 1 
279 0 276 1 
280 0 286 0.5 
280 0 292 0.5 
280 1 281 0.5 
280 1 282 0.5 
281 0 287 0.5 
281 0 293 0.5 
281 1 251 1 
282 0 288 0.5 
282 0 294 0.5 
282 1 315 1 
283 0 289 0.5 
283 0 295 0.5 
283 1 280 1 
284 0 290 0.5 
284 0 296 0.5 
285 0 291 0.5 
285 0 297 0.5 
286 0 266 1 
286 1 287 0.5 
286 1 288 0.5 
287 0 267 1 
287 1 257 1 
288 0 268 1 
288 1 321 1 
289 0 269 1 
289 1 286 1 
290 0 270 1 
291 0 271 1 
292 0 330 1 
292 1 293 0.5 
292 1 294 0.5 
293 0 331 1 
293 1 263 1 
294 0 332 1 
294 1 327 1 
295 0 333 1 
295 1 292 1 
296 0 334 1 
297 0 335 1 
298 0 280 1 
298 1 299 0.5 
298 1 300 0.5 
299 0 281 1 
299 1 269 1 
300 0 282 1 
300 1 333 1 
301 0 283 1 
301 1 298 1 
302 0 284 1 
303 0 285 1 
304 0 305 0.5 
304 0 306 0.5 
305 0 275 1 
306 0 339 1 
307 0 304 1 
308 0 309 0.5 
308 0 310 0.5 
309 0 279 1 
310 0 343 1 
311 0 308 1 
312 0 318 0.5 
312 0 324 0.5 
312 1 313 0.5 
312 1 314 0.5 
313 0 319 0.5 
313 0 325 0.5 
313 1 283 1 
314 0 320 0.5 
314 0 326 0.5 
314 1 347 1 
315 0 321 0.5 
315 0 327 0.5 
315 1 312 1 
316 0 322 0.5 
316 0 328 0.5 
317 0 323 0.5 
317 0 329 0.5 
318 0 298 1 
318 1 319 0.5 
318 1 320 0.5 
319 0 299 1 
319 1 289 1 
320 0 300 1 
320 1 353 1 
321 0 301 1 
321 1 318 1 
322 0 302 1 
323 0 303 1 
324 0 362 1 
324 1 325 0.5 
324 1 326 0.5 
325 0 363 1 
325 1 295 1 
326 0 364 1 
326 1 359 1 
327 0 365 1 
327 1 324 1 
328 0 366 1 
329 0 367 1 
330 0 312 1 
330 1 331 0.5 
330 1 332 0.5 
331 0 313 1 
331 1 301 1 
332 0 314 1 
332 1 365 1 
333 0 315 1 
333 1 330 1 
334 0 316 1 
335 0 317 1 
336 0 337 0.5 
336 0 338 0.5 
337 0 307 1 
338 0 371 1 
339 0 336 1 
340 0 341 0.5 
340 0 342 0.5 
341 0 311 1 
342 0 375 1 
343 0 340 1 
344 0 350 0.5 
344 0 356 0.5 
344 1 345 0.5 
344 1 346 0.5 
345 0 351 0.5 
345 0 357 0.5 
345 1 315 1 
346 0 352 0.5 
346 0 358 0.5 
346 1 379 1 
347 0 353 0.5 
347 0 359 0.5 
347 1 344 1 
348 0 354 0.5 
348 0 360 0.5 
349 0 355 0.5 
349 0 361 0.5 
350 0 330 1 
350 1 351 0.5 
350 1 352 0.5 
351 0 331 1 
351 1 321 1 
352 0 332 1 
352 1 385 1 
353 0 333 1 
353 1 350 1 
354 0 334 1 
355 0 335 1 
356 0 394 1 
356 1 357 0.5 
356 1 358 0.5 
357 0 395 1 
357 1 327 1 
358 0 396 1 
358 1 391 1 
359 0 397 1 
359 1 356 1 
360 0 398 1 
361 0 399 1 
362 0 344 1 
362 1 363 0.5 
362 1 364 0.5 
363 0 345 1 
363 1 333 1 
364 0 346 1 
364 1 397 1 
365 0 347 1 
365 1 362 1 
366 0 348 1 
367 0 349 1 
368 0 369 0.5 
368 0 370 0.5 
369 0 339 1 
370 0 403 1 
371 0 368 1 
372 0 373 0.5 
372 0 374 0.5 
373 0 343 1 
374 0 407 1 
375 0 372 1 
376 0 382 0.5 
376 0 388 0.5 
376 1 377 0.5 
376 1 378 0.5 
377 0 383 0.5 
377 0 389 0.5 
377 1 347 1 
378 0 384 0.5 
378 0 390 0.5 
378 1 411 1 
379 0 385 0.5 
379 0 391 0.5 
379 1 376 1 
380 0 386 0.5 
380 0 392 0.5 
381 0 387 0.5 
381 0 393 0.5 
382 0 362 1 
382 1 383 0.5 
382 1 384 0.5 
383 0 363 1 
383 1 353 1 
384 0 364 1 
384 1 417 1 
385 0 365 1 
385 1 382 1 
386 0 366 1 
387 0 367 1 
388 0 426 1 
388 1 389 0.5 
388 1 390 0.5 
389 0 427 1 
389 1 359 1 
390 0 428 1 
390 1 423 1 
391 0 429 1 
391 1 388 1 
392 0 430 1 
393 0 431 1 
394 0 376 1 
394 1 395 0.5 
394 1 396 0.5 
395 0 377 1 
395 1 365 1 
396 0 378 1 
396 1 429 1 
397 0 379 1 
397 1 394 1 
398 0 380 1 
399 0 381 1 
400 0 401 0.5 
400 0 402 0.5 
401 0 371 1 
402 0 435 1 
403 0 400 1 
404 0 405 0.5 
404 0 406 0.5 
405 0 375 1 
406 0 439 1 
407 0 404 1 
408 0 414 0.5 
408 0 420 0.5 
408 1 409 0.5 
408 1 410 0.5 
409 0 415 0.5 
409 0 421 0.5 
409 1 379 1 
410 0 416 0.5 
410 0 422 0.5 
410 1 443 1 
411 0 417 0.5 
411 0 423 0.5 
411 1 408 1 
412 0 418 0.5 
412 0 424 0.5 
413 0 419 0.5 
413 0 425 0.5 
414 0 394 1 
414 1 415 0.5 
414 1 416 0.5 
415 0 395 1 
415 1 385 1 
416 0 396 1 
416 1 449 1 
417 0 397 1 
417 1 414 1 
418 0 398 1 
419 0 399 1 
420 0 458 1 
420 1 421 0.5 
420 1 422 0.5 
421 0 459 1 
421 1 391 1 
422 0 460 1 
422 1 455 1 
423 0 461 1 
423 1 420 1 
424 0 462 1 
425 0 463 1 
426 0 408 1 
426 1 427 0.5 
426 1 428 0.5 
427 0 409 1 
427 1 397 1 
428 0 410 1 
428 1 461 1 
429 0 411 1 
429 1 426 1 
430 0 412 1 
431 0 413 1 
432 0 433 0.5 
432 0 434 0.5 
433 0 403 1 
434 0 467 1 
435 0 432 1 
436 0 437 0.5 
436 0 438 0.5 
437 0 407 1 
438 0 471 1 
439 0 436 1 
440 0 446 0.5 
440 0 452 0.5 
440 1 441 0.5 
440 1 442 0.5 
441 0 447 0.5 
441 0 453 0.5 
441 1 411 1 
442 0 448 0.5 
442 0 454 0.5 
442 1 475 1 
443 0 449 0.5 
443 0 455 0.5 
443 1 440 1 
444 0 450 0.5 
444 0 456 0.5 
445 0 451 0.5 
445 0 457 0.5 
446 0 426 1 
446 1 447 0.5 
446 1 448 0.5 
447 0 427 1 
447 1 417 1 
448 0 428 1 
448 1 481 1 
449 0 429 1 
449 1 446 1 
450 0 430 1 
451 0 431 1 
452 0 490 1 
452 1 453 0.5 
452 1 454 0.5 
453 0 491 1 
453 1 423 1 
454 0 492 1 
454 1 487 1 
455 0 493 1 
455 1 452 1 
456 0 494 1 
457 0 495 1 
458 0 440 1 
458 1 459 0.5 
458 1 460 0.5 
459 0 441 1 
459 1 429 1 
460 0 442 1 
460 1 493 1 
461 0 443 1 
461 1 458 1 
462 0 444 1 
463 0 445 1 
464 0 465 0.5 
464 0 466 0.5 
465 0 435 1 
466 0 499 1 
467 0 464 1 
468 0 469 0.5 
468 0 470 0.5 
469 0 439 1 
470 0 503 1 
471 0 468 1 
472 0 478 0.5 
472 0 484 0.5 
472 1 473 0.5 
472 1 474 0.5 
473 0 479 0.5 
473 0 485 0.5 
473 1 443 1 
474 0 480 0.5 
474 0 486 0.5 
474 1 507 1 
475 0 481 0.5 
475 0 487 0.5 
475 1 472 1 
476 0 482 0.5 
476 0 488 0.5 
477 0 483 0.5 
477 0 489 0.5 
478 0 458 1 
478 1 479 0.5 
478 1 480 0.5 
479 0 459 1 
479 1 449 1 
480 0 460 1 
480 1 513 1 
481 0 461 1 
481 1 478 1 
482 0 462 1 
483 0 463 1 
484 0 522 1 
484 1 485 0.5 
484 1 486 0.5 
485 0 523 1 
485 1 455 1 
486 0 524 1 
486 1 519 1 
487 0 525 1 
487 1 484 1 
488 0 526 1 
489 0 527 1 
490 0 472 1 
490 1 491 0.5 
490 1 492 0.5 
491 0 473 1 
491 1 461 1 
492 0 474 1 
492 1 525 1 
493 0 475 1 
493 1 490 1 
494 0 476 1 
495 0 477 1 
496 0 497 0.5 
496 0 498 0.5 
497 0 467 1 
498 0 531 1 
499 0 496 1 
500 0 501 0.5 
500 0 502 0.5 
501 0 471 1 
502 0 535 1 
503 0 500 1 
504 0 510 0.5 
504 0 516 0.5 
504 1 505 0.5 
504 1 506 0.5 
505 0 511 0.5 
505 0 517 0.5 
505 1 475 1 
506 0 512 0.5 
506 0 518 0.5 
506 1 539 1 
507 0 513 0.5 
507 0 519 0.5 
507 1 504 1 
508 0 514 0.5 
508 0 520 0.5 
509 0 515 0.5 
509 0 521 0.5 
510 0 490 1 
510 1 511 0.5 
510 1 512 0.5 
511 0 491 1 
511 1 481 1 
512 0 492 1 
512 1 545 1 
513 0 493 1 
513 1 510 1 
514 0 494 1 
515 0 495 1 
516 0 554 1 
516 1 517 0.5 
516 1 518 0.5 
517 0 555 1 
517 1 487 1 
518 0 556 1 
518 1 551 1 
519 0 557 1 
519 1 516 1 
520 0 558 1 
521 0 559 1 
522 0 504 1 
522 1 523 0.5 
522 1 524 0.5 
523 0 505 1 
523 1 493 1 
524 0 506 1 
524 1 557 1 
525 0 507 1 
525 1 522 1 
526 0 508 1 
527 0 509 1 
528 0 529 0.5 
528 0 530 0.5 
529 0 499 1 
530 0 563 1 
531 0 528 1 
532 0 533 0.5 
532 0 534 0.5 
533 0 503 1 
534 0 567 1 
535 0 532 1 
536 0 542 0.5 
536 0 548 0.5 
536 1 537 0.5 
536 1 538 0.5 
537 0 543 0.5 
537 0 549 0.5 
537 1 507 1 
538 0 544 0.5 
538 0 550 0.5 
538 1 571 1 
539 0 545 0.5 
539 0 551 0.5 
539 1 536 1 
540 0 546 0.5 
540 0 552 0.5 
541 0 547 0.5 
541 0 553 0.5 
542 0 522 1 
542 1 543 0.5 
542 1 544 0.5 
543 0 523 1 
543 1 513 1 
544 0 524 1 
544 1 577 1 
545 0 525 1 
545 1 542 1 
546 0 526 1 
547 0 527 1 
548 0 586 1 
548 1 549 0.5 
548 1 550 0.5 
549 0 587 1 
549 1 519 1 
550 0 588 1 
550 1 583 1 
551 0 589 1 
551 1 548 1 
552 0 590 1 
553 0 591 1 
554 0 536 1 
554 1 555 0.5 
554 1 556 0.5 
555 0 537 1 
555 1 525 1 
556 0 538 1 
556 1 589 1 
557 0 539 1 
557 1 554 1 
558 0 540 1 
559 0 541 1 
560 0 561 0.5 
560 0 562 0.5 
561 0 531 1 
562 0 595 1 
563 0 560 1 
564 0 565 0.5 
564 0 566 0.5 
565 0 535 1 
566 0 599 1 
567 0 564 1 
568 0 574 0.5 
568 0 580 0.5 
568 1 569 0.5 
568 1 570 0.5 
569 0 575 0.5 
569 0 581 0.5 
569 1 539 1 
570 0 576 0.5 
570 0 582 0.5 
570 1 603 1 
571 0 577 0.5 
571 0 583 0.5 
571 1 568 1 
572 0 578 0.5 
572 0 584 0.5 
573 0 579 0.5 
573 0 585 0.5 
574 0 554 1 
574 1 575 0.5 
574 1 576 0.5 
575 0 555 1 
575 1 545 1 
576 0 556 1 
576 1 609 1 
577 0 557 1 
577 1 574 1 
578 0 558 1 
579 0 559 1 
580 0 618 1 
580 1 581 0.5 
580 1 582 0.5 
581 0 619 1 
581 1 551 1 
582 0 620 1 
582 1 615 1 
583 0 621 1 
583 1 580 1 
584 0 622 1 
585 0 623 1 
586 0 568 1 
586 1 587 0.5 
586 1 588 0.5 
587 0 569 1 
587 1 557 1 
588 0 570 1 
588 1 621 1 
589 0 571 1 
589 1 586 1 
590 0 572 1 
591 0 573 1 
592 0 593 0.5 
592 0 594 0.5 
593 0 563 1 
594 0 627 1 
595 0 592 1 
596 0 597 0.5 
596 0 598 0.5 
597 0 567 1 
598 0 631 1 
599 0 596 1 
600 0 606 0.5 
600 0 612 0.5 
600 1 601 0.5 
600 1 602 0.5 
601 0 607 0.5 
601 0 613 0.5 
601 1 571 1 
602 0 608 0.5 
602 0 614 0.5 
602 1 635 1 
603 0 609 0.5 
603 0 615 0.5 
603 1 600 1 
604 0 610 0.5 
604 0 616 0.5 
605 0 611 0.5 
605 0 617 0.5 
606 0 586 1 
606 1 607 0.5 
606 1 608 0.5 
607 0 587 1 
607 1 577 1 
608 0 588 1 
608 1 641 1 
609 0 589 1 
609 1 606 1 
610 0 590 1 
611 0 591 1 
612 0 650 1 
612 1 613 0.5 
612 1 614 0.5 
613 0 651 1 
613 1 583 1 
614 0 652 1 
614 1 647 1 
615 0 653 1 
615 1 612 1 
616 0 654 1 
617 0 655 1 
618 0 600 1 
618 1 619 0.5 
618 1 620 0.5 
619 0 601 1 
619 1 589 1 
620 0 602 1 
620 1 653 1 
621 0 603 1 
621 1 618 1 
622 0 604 1 
623 0 605 1 
624 0 625 0.5 
624 0 626 0.5 
625 0 595 1 
626 0 659 1 
627 0 624 1 
628 0 629 0.5 
628 0 630 0.5 
629 0 599 1 
630 0 663 1 
631 0 628 1 
632 0 638 0.5 
632 0 644 0.5 
632 1 633 0.5 
632 1 634 0.5 
633 0 639 0.5 
633 0 645 0.5 
633 1 603 1 
634 0 640 0.5 
634 0 646 0.5 
634 1 667 1 
635 0 641 0.5 
635 0 647 0.5 
635 1 632 1 
636 0 642 0.5 
636 0 648 0.5 
637 0 643 0.5 
637 0 649 0.5 
638 0 618 1 
638 1 639 0.5 
638 1 640 0.5 
639 0 619 1 
639 1 609 1 
640 0 620 1 
640 1 673 1 
641 0 621 1 
641 1 638 1 
642 0 622 1 
643 0 623 1 
644 0 682 1 
644 1 645 0.5 
644 1 646 0.5 
645 0 683 1 
645 1 615 1 
646 0 684 1 
646 1 679 1 
647 0 685 1 
647 1 644 1 
648 0 686 1 
649 0 687 1 
650 0 632 1 
650 1 651 0.5 
650 1 652 0.5 
651 0 633 1 
651 1 621 1 
652 0 634 1 
652 1 685 1 
653 0 635 1 
653 1 650 1 
654 0 636 1 
655 0 637 1 
656 0 657 0.5 
656 0 658 0.5 
657 0 627 1 
658 0 691 1 
659 0 656 1 
660 0 661 0.5 
660 0 662 0.5 
661 0 631 1 
662 0 695 1 
663 0 660 1 
664 0 670 0.5 
664 0 676 0.5 
664 1 665 0.5 
664 1 666 0.5 
665 0 671 0.5 
665 0 677 0.5 
665 1 635 1 
666 0 672 0.5 
666 0 678 0.5 
666 1 699 1 
667 0 673 0.5 
667 0 679 0.5 
667 1 664 1 
668 0 674 0.5 
668 0 680 0.5 
669 0 675 0.5 
669 0 681 0.5 
670 0 650 1 
670 1 671 0.5 
670 1 672 0.5 
671 0 651 1 
671 1 641 1 
672 0 652 1 
672 1 705 1 
673 0 653 1 
673 1 670 1 
674 0 654 1 
675 0 655 1 
676 0 714 1 
676 1 677 0.5 
676 1 678 0.5 
677 0 715 1 
677 1 647 1 
678 0 716 1 
678 1 711 1 
679 0 717 1 
679 1 676 1 
680 0 718 1 
681 0 719 1 
682 0 664 1 
682 1 683 0.5 
682 1 684 0.5 
683 0 665 1 
683 1 653 1 
684 0 666 1 
684 1 717 1 
685 0 667 1 
685 1 682 1 
686 0 668 1 
687 0 669 1 
688 0 689 0.5 
688 0 690 0.5 
689 0 659 1 
690 0 723 1 
691 0 688 1 
692 0 693 0.5 
692 0 694 0.5 
693 0 663 1 
694 0 727 1 
695 0 692 1 
696 0 702 0.5 
696 0 708 0.5 
696 1 697 0.5 
696 1 698 0.5 
697 0 703 0.5 
697 0 709 0.5 
697 1 667 1 
698 0 704 0.5 
698 0 710 0.5 
698 1 731 1 
699 0 705 0.5 
699 0 711 0.5 
699 1 696 1 
700 0 706 0.5 
700 0 712 0.5 
701 0 707 0.5 
701 0 713 0.5 
702 0 682 1 
702 1 703 0.5 
702 1 704 0.5 
703 0 683 1 
703 1 673 1 
704 0 684 1 
704 1 737 1 
705 0 685 1 
705 1 702 1 
706 0 686 1 
707 0 687 1 
708 0 746 1 
708 1 709 0.5 
708 1 710 0.5 
709 0 747 1 
709 1 679 1 
710 0 748 1 
710 1 743 1 
711 0 749 1 
711 1 708 1 
712 0 750 1 
713 0 751 1 
714 0 696 1 
714 1 715 0.5 
714 1 716 0.5 
715 0 697 1 
715 1 685 1 
716 0 698 1 
716 1 749 1 
717 0 699 1 
717 1 714 1 
718 0 700 1 
719 0 701 1 
720 0 721 0.5 
720 0 722 0.5 
721 0 691 1 
722 0 755 1 
723 0 720 1 
724 0 725 0.5 
724 0 726 0.5 
725 0 695 1 
726 0 759 1 
727 0 724 1 
728 0 734 0.5 
728 0 740 0.5 
728 1 729 0.5 
728 1 730 0.5 
729 0 735 0.5 
729 0 741 0.5 
729 1 699 1 
730 0 736 0.5 
730 0 742 0.5 
730 1 763 1 
731 0 737 0.5 
731 0 743 0.5 
731 1 728 1 
732 0 738 0.5 
732 0 744 0.5 
733 0 739 0.5 
733 0 745 0.5 
734 0 714 1 
734 1 735 0.5 
734 1 736 0.5 
735 0 715 1 
735 1 705 1 
736 0 716 1 
736 1 769 1 
737 0 717 1 
737 1 734 1 
738 0 718 1 
739 0 719 1 
740 0 778 1 
740 1 741 0.5 
740 1 742 0.5 
741 0 779 1 
741 1 711 1 
742 0 780 1 
742 1 775 1 
743 0 781 1 
743 1 740 1 
744 0 782 1 
745 0 783 1 
746 0 728 1 
746 1 747 0.5 
746 1 748 0.5 
747 0 729 1 
747 1 717 1 
748 0 730 1 
748 1 781 1 
749 0 731 1 
749 1 746 1 
750 0 732 1 
751 0 733 1 
752 0 753 0.5 
752 0 754 0.5 
753 0 723 1 
754 0 787 1 
755 0 752 1 
756 0 757 0.5 
756 0 758 0.5 
757 0 727 1 
758 0 791 1 
759 0 756 1 
760 0 766 0.5 
760 0 772 0.5 
760 1 761 0.5 
760 1 762 0.5 
761 0 767 0.5 
761 0 773 0.5 
761 1 731 1 
762 0 768 0.5 
762 0 774 0.5 
762 1 795 1 
763 0 769 0.5 
763 0 775 0.5 
763 1 760 1 
764 0 770 0.5 
764 0 776 0.5 
765 0 771 0.5 
765 0 777 0.5 
766 0 746 1 
766 1 767 0.5 
766 1 768 0.5 
767 0 747 1 
767 1 737 1 
768 0 748 1 
768 1 801 1 
769 0 749 1 
769 1 766 1 
770 0 750 1 
771 0 751 1 
772 0 810 1 
772 1 773 0.5 
772 1 774 0.5 
773 0 811 1 
773 1 743 1 
774 0 812 1 
774 1 807 1 
775 0 813 1 
775 1 772 1 
776 0 814 1 
777 0 815 1 
778 0 760 1 
778 1 779 0.5 
778 1 780 0.5 
779 0 761 1 
779 1 749 1 
780 0 762 1 
780 1 813 1 
781 0 763 1 
781 1 778 1 
782 0 764 1 
783 0 765 1 
784 0 785 0.5 
784 0 786 0.5 
785 0 755 1 
786 0 819 1 
787 0 784 1 
788 0 789 0.5 
788 0 790 0.5 
789 0 759 1 
790 0 823 1 
791 0 788 1 
792 0 798 0.5 
792 0 804 0.5 
792 1 793 0.5 
792 1 794 0.5 
793 0 799 0.5 
793 0 805 0.5 
793 1 763 1 
794 0 800 0.5 
794 0 806 0.5 
794 1 827 1 
795 0 801 0.5 
795 0 807 0.5 
795 1 792 1 
796 0 802 0.5 
796 0 808 0.5 
797 0 803 0.5 
797 0 809 0.5 
798 0 778 1 
798 1 799 0.5 
798 1 800 0.5 
799 0 779 1 
799 1 769 1 
800 0 780 1 
800 1 833 1 
801 0 781 1 
801 1 798 1 
802 0 782 1 
803 0 783 1 
804 0 842 1 
804 1 805 0.5 
804 1 806 0.5 
805 0 843 1 
805 1 775 1 
806 0 844 1 
806 1 839 1 
807 0 845 1 
807 1 804 1 
808 0 846 1 
809 0 847 1 
810 0 792 1 
810 1 811 0.5 
810 1 812 0.5 
811 0 793 1 
811 1 781 1 
812 0 794 1 
812 1 845 1 
813 0 795 1 
813 1 810 1 
814 0 796 1 
815 0 797 1 
816 0 817 0.5 
816 0 818 0.5 
817 0 787 1 
818 0 851 1 
819 0 816 1 
820 0 821 0.5 
820 0 822 0.5 
821 0 791 1 
822 0 855 1 
823 0 820 1 
824 0 830 0.5 
824 0 836 0.5 
824 1 825 0.5 
824 1 826 0.5 
825 0 831 0.5 
825 0 837 0.5 
825 1 795 1 
826 0 832 0.5 
826 0 838 0.5 
826 1 859 1 
827 0 833 0.5 
827 0 839 0.5 
827 1 824 1 
828 0 834 0.5 
828 0 840 0.5 
829 0 835 0.5 
829 0 841 0.5 
830 0 810 1 
830 1 831 0.5 
830 1 832 0.5 
831 0 811 1 
831 1 801 1 
832 0 812 1 
832 1 865 1 
833 0 813 1 
833 1 830 1 
834 0 814 1 
835 0 815 1 
836 0 874 1 
836 1 837 0.5 
836 1 838 0.5 
837 0 875 1 
837 1 807 1 
838 0 876 1 
838 1 871 1 
839 0 877 1 
839 1 836 1 
840 0 878 1 
841 0 879 1 
842 0 824 1 
842 1 843 0.5 
842 1 844 0.5 
843 0 825 1 
843 1 813 1 
844 0 826 1 
844 1 877 1 
845 0 827 1 
845 1 842 1 
846 0 828 1 
847 0 829 1 
848 0 849 0.5 
848 0 850 0.5 
849 0 819 1 
850 0 883 1 
851 0 848 1 
852 0 853 0.5 
852 0 854 0.5 
853 0 823 1 
854 0 887 1 
855 0 852 1 
856 0 862 0.5 
856 0 868 0.5 
856 1 857 0.5 
856 1 858 0.5 
857 0 863 0.5 
857 0 869 0.5 
857 1 827 1 
858 0 864 0.5 
858 0 870 0.5 
858 1 891 1 
859 0 865 0.5 
859 0 871 0.5 
859 1 856 1 
860 0 866 0.5 
860 0 872 0.5 
861 0 867 0.5 
861 0 873 0.5 
862 0 842 1 
862 1 863 0.5 
862 1 864 0.5 
863 0 843 1 
863 1 833 1 
864 0 844 1 
864 1 897 1 
865 0 845 1 
865 1 862 1 
866 0 846 1 
867 0 847 1 
868 0 906 1 
868 1 869 0.5 
868 1 870 0.5 
869 0 907 1 
869 1 839 1 
870 0 908 1 
870 1 903 1 
871 0 909 1 
871 1 868 1 
872 0 910 1 
873 0 911 1 
874 0 856 1 
874 1 875 0.5 
874 1 876 0.5 
875 0 857 1 
875 1 845 1 
876 0 858 1 
876 1 909 1 
877 0 859 1 
877 1 874 1 
878 0 860 1 
879 0 861 1 
880 0 881 0.5 
880 0 882 0.5 
881 0 851 1 
882 0 915 1 
883 0 880 1 
884 0 885 0.5 
884 0 886 0.5 
885 0 855 1 
886 0 919 1 
887 0 884 1 
888 0 894 0.5 
888 0 900 0.5 
888 1 889 0.5 
888 1 890 0.5 
889 0 895 0.5 
889 0 901 0.5 
889 1 859 1 
890 0 896 0.5 
890 0 902 0.5 
890 1 923 1 
891 0 897 0.5 
891 0 903 0.5 
891 1 888 1 
892 0 898 0.5 
892 0 904 0.5 
893 0 899 0.5 
893 0 905 0.5 
894 0 874 1 
894 1 895 0.5 
894 1 896 0.5 
895 0 875 1 
895 1 865 1 
896 0 876 1 
896 1 929 1 
897 0 877 1 
897 1 894 1 
898 0 878 1 
899 0 879 1 
900 0 938 1 
900 1 901 0.5 
900 1 902 0.5 
901 0 939 1 
901 1 871 1 
902 0 940 1 
902 1 935 1 
903 0 941 1 
903 1 900 1 
904 0 942 1 
905 0 943 1 
906 0 888 1 
906 1 907 0.5 
906 1 908 0.5 
907 0 889 1 
907 1 877 1 
908 0 890 1 
908 1 941 1 
909 0 891 1 
909 1 906 1 
910 0 892 1 
911 0 893 1 
912 0 913 0.5 
912 0 914 0.5 
913 0 883 1 
914 0 947 1 
915 0 912 1 
916 0 917 0.5 
916 0 918 0.5 
917 0 887 1 
918 0 951 1 
919 0 916 1 
920 0 926 0.5 
920 0 932 0.5 
920 1 921 0.5 
920 1 922 0.5 
921 0 927 0.5 
921 0 933 0.5 
921 1 891 1 
922 0 928 0.5 
922 0 934 0.5 
922 1 955 1 
923 0 929 0.5 
923 0 935 0.5 
923 1 920 1 
924 0 930 0.5 
924 0 936 0.5 
925 0 931 0.5 
925 0 937 0.5 
926 0 906 1 
926 1 927 0.5 
926 1 928 0.5 
927 0 907 1 
927 1 897 1 
928 0 908 1 
928 1 961 1 
929 0 909 1 
929 1 926 1 
930 0 910 1 
931 0 911 1 
932 0 970 1 
932 1 933 0.5 
932 1 934 0.5 
933 0 971 1 
933 1 903 1 
934 0 972 1 
934 1 967 1 
935 0 973 1 
935 1 932 1 
936 0 974 1 
937 0 975 1 
938 0 920 1 
938 1 939 0.5 
938 1 940 0.5 
939 0 921 1 
939 1 909 1 
940 0 922 1 
940 1 973 1 
941 0 923 1 
941 1 938 1 
942 0 924 1 
943 0 925 1 
944 0 945 0.5 
944 0 946 0.5 
945 0 915 1 
946 0 979 1 
947 0 944 1 
948 0 949 0.5 
948 0 950 0.5 
949 0 919 1 
950 0 983 1 
951 0 948 1 
952 0 958 0.5 
952 0 964 0.5 
952 1 953 0.5 
952 1 954 0.5 
953 0 959 0.5 
953 0 965 0.5 
953 1 923 1 
954 0 960 0.5 
954 0 966 0.5 
954 1 987 1 
955 0 961 0.5 
955 0 967 0.5 
955 1 952 1 
956 0 962 0.5 
956 0 968 0.5 
957 0 963 0.5 
957 0 969 0.5 
958 0 938 1 
958 1 959 0.5 
958 1 960 0.5 
959 0 939 1 
959 1 929 1 
960 0 940 1 
960 1 993 1 
961 0 941 1 
961 1 958 1 
962 0 942 1 
963 0 943 1 
964 0 1002 1 
964 1 965 0.5 
964 1 966 0.5 
965 0 1003 1 
965 1 935 1 
966 0 1004 1 
966 1 999 1 
967 0 1005 1 
967 1 964 1 
968 0 1006 1 
969 0 1007 1 
970 0 952 1 
970 1 971 0.5 
970 1 972 0.5 
971 0 953 1 
971 1 941 1 
972 0 954 1 
972 1 1005 1 
973 0 955 1 
973 1 970 1 
974 0 956 1 
975 0 957 1 
976 0 977 0.5 
976 0 978 0.5 
977 0 947 1 
978 0 1011 1 
979 0 976 1 
980 0 981 0.5 
980 0 982 0.5 
981 0 951 1 
982 0 1015 1 
983 0 980 1 
984 0 990 0.5 
984 0 996 0.5 
984 1 985 0.5 
984 1 986 0.5 
985 0 991 0.5 
985 0 997 0.5 
985 1 955 1 
986 0 992 0.5 
986 0 998 0.5 
986 1 1019 1 
987 0 993 0.5 
987 0 999 0.5 
987 1 984 1 
988 0 994 0.5 
988 0 1000 0.5 
989 0 995 0.5 
989 0 1001 0.5 
990 0 970 1 
990 1 991 0.5 
990 1 992 0.5 
991 0 971 1 
991 1 961 1 
992 0 972 1 
992 1 1025 1 
993 0 973 1 
993 1 990 1 
994 0 974 1 
995 0 975 1 
996 0 1034 1 
996 1 997 0.5 
996 1 998 0.5 
997 0 1035 1 
997 1 967 1 
998 0 1036 1 
998 1 1031 1 
999 0 1037 1 
999 1 996 1 
1000 0 1038 1 
1001 0 1039 1 
1002 0 984 1 
1002 1 1003 0.5 
1002 1 1004 0.5 
1003 0 985 1 
1003 1 973 1 
1004 0 986 1 
1004 1 1037 1 
1005 0 987 1 
1005 1 1002 1 
1006 0 988 1 
1007 0 989 1 
1008 0 1009 0.5 
1008 0 1010 0.5 
1009 0 979 1 
1010 0 1043 1 
1011 0 1008 1 
1012 0 1013 0.5 
1012 0 1014 0.5 
1013 0 983 1 
1014 0 1047 1 
1015 0 1012 1 
1016 0 1022 0.5 
1016 0 1028 0.5 
1016 1 1017 0.5 
1016 1 1018 0.5 
1017 0 1023 0.5 
1017 0 1029 0.5 
1017 1 987 1 
1018 0 1024 0.5 
1018 0 1030 0.5 
1018 1 1051 1 
1019 0 1025 0.5 
1019 0 1031 0.5 
1019 1 1016 1 
1020 0 1026 0.5 
1020 0 1032 0.5 
1021 0 1027 0.5 
1021 0 1033 0.5 
1022 0 1002 1 
1022 1 1023 0.5 
1022 1 1024 0.5 
1023 0 1003 1 
1023 1 993 1 
1024 0 1004 1 
1024 1 1057 1 
1025 0 1005 1 
1025 1 1022 1 
1026 0 1006 1 
1027 0 1007 1 
1028 0 1066 1 
1028 1 1029 0.5 
1028 1 1030 0.5 
1029 0 1067 1 
1029 1 999 1 
1030 0 1068 1 
1030 1 1063 1 
1031 0 1069 1 
1031 1 1028 1 
1032 0 1070 1 
1033 0 1071 1 
1034 0 1016 1 
1034 1 1035 0.5 
1034 1 1036 0.5 
1035 0 1017 1 
1035 1 1005 1 
1036 0 1018 1 
1036 1 1069 1 
1037 0 1019 1 
1037 1 1034 1 
1038 0 1020 1 
1039 0 1021 1 
1040 0 1041 0.5 
1040 0 1042 0.5 
1041 0 1011 1 
1042 0 1075 1 
1043 0 1040 1 
1044 0 1045 0.5 
1044 0 1046 0.5 
1045 0 1015 1 
1046 0 1079 1 
1047 0 1044 1 
1048 0 1054 0.5 
1048 0 1060 0.5 
1048 1 1049 0.5 
1048 1 1050 0.5 
1049 0 1055 0.5 
1049 0 1061 0.5 
1049 1 1019 1 
1050 0 1056 0.5 
1050 0 1062 0.5 
1050 1 1083 1 
1051 0 1057 0.5 
1051 0 1063 0.5 
1051 1 1048 1 
1052 0 1058 0.5 
1052 0 1064 0.5 
1053 0 1059 0.5 
1053 0 1065 0.5 
1054 0 1034 1 
1054 1 1055 0.5 
1054 1 1056 0.5 
1055 0 1035 1 
1055 1 1025 1 
1056 0 1036 1 
1056 1 1089 1 
1057 0 1037 1 
1057 1 1054 1 
1058 0 1038 1 
1059 0 1039 1 
1060 0 1098 1 
1060 1 1061 0.5 
1060 1 1062 0.5 
1061 0 1099 1 
1061 1 1031 1 
1062 0 1100 1 
1062 1 1095 1 
1063 0 1101 1 
1063 1 1060 1 
1064 0 1102 1 
1065 0 1103 1 
1066 0 1048 1 
1066 1 1067 0.5 
1066 1 1068 0.5 
1067 0 1049 1 
1067 1 1037 1 
1068 0 1050 1 
1068 1 1101 1 
1069 0 1051 1 
1069 1 1066 1 
1070 0 1052 1 
1071 0 1053 1 
1072 0 1073 0.5 
1072 0 1074 0.5 
1073 0 1043 1 
1074 0 1107 1 
1075 0 1072 1 
1076 0 1077 0.5 
1076 0 1078 0.5 
1077 0 1047 1 
1078 0 1111 1 
1079 0 1076 1 
1080 0 1086 0.5 
1080 0 1092 0.5 
1080 1 1081 0.5 
1080 1 1082 0.5 
1081 0 1087 0.5 
1081 0 1093 0.5 
1081 1 1051 1 
1082 0 1088 0.5 
1082 0 1094 0.5 
1082 1 1115 1 
1083 0 1089 0.5 
1083 0 1095 0.5 
1083 1 1080 1 
1084 0 1090 0.5 
1084 0 1096 0.5 
1085 0 1091 0.5 
1085 0 1097 0.5 
1086 0 1066 1 
1086 1 1087 0.5 
1086 1 1088 0.5 
1087 0 1067 1 
1087 1 1057 1 
1088 0 1068 1 
1088 1 1121 1 
1089 0 1069 1 
1089 1 1086 1 
1090 0 1070 1 
1091 0 1071 1 
1092 0 1130 1 
1092 1 1093 0.5 
1092 1 1094 0.5 
1093 0 1131 1 
1093 1 1063 1 
1094 0 1132 1 
1094 1 1127 1 
1095 0 1133 1 
1095 1 1092 1 
1096 0 1134 1 
1097 0 1135 1 
1098 0 1080 1 
1098 1 1099 0.5 
1098 1 1100 0.5 
1099 0 1081 1 
1099 1 1069 1 
1100 0 1082 1 
1100 1 1133 1 
1101 0 1083 1 
1101 1 1098 1 
1102 0 1084 1 
1103 0 1085 1 
1104 0 1105 0.5 
1104 0 1106 0.5 
1105 0 1075 1 
1106 0 1139 1 
1107 0 1104 1 
1108 0 1109 0.5 
1108 0 1110 0.5 
1109 0 1079 1 
1110 0 1143 1 
1111 0 1108 1 
1112 0 1118 0.5 
1112 0 1124 0.5 
1112 1 1113 0.5 
1112 1 1114 0.5 
1113 0 1119 0.5 
1113 0 1125 0.5 
1113 1 1083 1 
1114 0 1120 0.5 
1114 0 1126 0.5 
1114 1 1147 1 
1115 0 1121 0.5 
1115 0 1127 0.5 
1115 1 1112 1 
1116 0 1122 0.5 
1116 0 1128 0.5 
1117 0 1123 0.5 
1117 0 1129 0.5 
1118 0 1098 1 
1118 1 1119 0.5 
1118 1 1120 0.5 
1119 0 1099 1 
1119 1 1089 1 
1120 0 1100 1 
1120 1 1153 1 
1121 0 1101 1 
1121 1 1118 1 
1122 0 1102 1 
1123 0 1103 1 
1124 0 1162 1 
1124 1 1125 0.5 
1124 1 1126 0.5 
1125 0 1163 1 
1125 1 1095 1 
1126 0 1164 1 
1126 1 1159 1 
1127 0 1165 1 
1127 1 1124 1 
1128 0 1166 1 
1129 0 1167 1 
1130 0 1112 1 
1130 1 1131 0.5 
1130 1 1132 0.5 
1131 0 1113 1 
1131 1 1101 1 
1132 0 1114 1 
1132 1 1165 1 
1133 0 1115 1 
1133 1 1130 1 
1134 0 1116 1 
1135 0 1117 1 
1136 0 1137 0.5 
1136 0 1138 0.5 
1137 0 1107 1 
1138 0 1171 1 
1139 0 1136 1 
1140 0 1141 0.5 
1140 0 1142 0.5 
1141 0 1111 1 
1142 0 1175 1 
1143 0 1140 1 
1144 0 1150 0.5 
1144 0 1156 0.5 
1144 1 1145 0.5 
1144 1 1146 0.5 
1145 0 1151 0.5 
1145 0 1157 0.5 
1145 1 1115 1 
1146 0 1152 0.5 
1146 0 1158 0.5 
1146 1 1179 1 
1147 0 1153 0.5 
1147 0 1159 0.5 
1147 1 1144 1 
1148 0 1154 0.5 
1148 0 1160 0.5 
1149 0 1155 0.5 
1149 0 1161 0.5 
1150 0 1130 1 
1150 1 1151 0.5 
1150 1 1152 0.5 
1151 0 1131 1 
1151 1 1121 1 
1152 0 1132 1 
1152 1 1185 1 
1153 0 1133 1 
1153 1 1150 1 
1154 0 1134 1 
1155 0 1135 1 
1156 0 1194 1 
1156 1 1157 0.5 
1156 1 1158 0.5 
1157 0 1195 1 
1157 1 1127 1 
1158 0 1196 1 
1158 1 1191 1 
1159 0 1197 1 
1159 1 1156 1 
1160 0 1198 1 
1161 0 1199 1 
1162 0 1144 1 
1162 1 1163 0.5 
1162 1 1164 0.5 
1163 0 1145 1 
1163 1 1133 1 
1164 0 1146 1 
1164 1 1197 1 
1165 0 1147 1 
1165 1 1162 1 
1166 0 1148 1 
1167 0 1149 1 
1168 0 1169 0.5 
1168 0 1170 0.5 
1169 0 1139 1 
1170 0 1203 1 
1171 0 1168 1 
1172 0 1173 0.5 
1172 0 1174 0.5 
1173 0 1143 1 
1174 0 1207 1 
1175 0 1172 1 
1176 0 1182 0.5 
1176 0 1188 0.5 
1176 1 1177 0.5 
1176 1 1178 0.5 
1177 0 1183 0.5 
1177 0 1189 0.5 
1177 1 1147 1 
1178 0 1184 0.5 
1178 0 1190 0.5 
1178 1 1211 1 
1179 0 1185 0.5 
1179 0 1191 0.5 
1179 1 1176 1 
1180 0 1186 0.5 
1180 0 1192 0.5 
1181 0 1187 0.5 
1181 0 1193 0.5 
1182 0 1162 1 
1182 1 1183 0.5 
1182 1 1184 0.5 
1183 0 1163 1 
1183 1 1153 1 
1184 0 1164 1 
1184 1 1217 1 
1185 0 1165 1 
1185 1 1182 1 
1186 0 1166 1 
1187 0 1167 1 
1188 0 1226 1 
1188 1 1189 0.5 
1188 1 1190 0.5 
1189 0 1227 1 
1189 1 1159 1 
1190 0 1228 1 
1190 1 1223 1 
1191 0 1229 1 
1191 1 1188 1 
1192 0 1230 1 
1193 0 1231 1 
1194 0 1176 1 
1194 1 1195 0.5 
1194 1 1196 0.5 
1195 0 1177 1 
1195 1 1165 1 
1196 0 1178 1 
1196 1 1229 1 
1197 0 1179 1 
1197 1 1194 1 
1198 0 1180 1 
1199 0 1181 1 
1200 0 1201 0.5 
1200 0 1202 0.5 
1201 0 1171 1 
1202 0 1235 1 
1203 0 1200 1 
1204 0 1205 0.5 
1204 0 1206 0.5 
1205 0 1175 1 
1206 0 1239 1 
1207 0 1204 1 
1208 0 1214 0.5 
1208 0 1220 0.5 
1208 1 1209 0.5 
1208 1 1210 0.5 
1209 0 1215 0.5 
1209 0 1221 0.5 
1209 1 1179 1 
1210 0 1216 0.5 
1210 0 1222 0.5 
1210 1 1243 1 
1211 0 1217 0.5 
1211 0 1223 0.5 
1211 1 1208 1 
1212 0 1218 0.5 
1212 0 1224 0.5 
1213 0 1219 0.5 
1213 0 1225 0.5 
1214 0 1194 1 
1214 1 1215 0.5 
1214 1 1216 0.5 
1215 0 1195 1 
1215 1 1185 1 
1216 0 1196 1 
1216 1 1249 1 
1217 0 1197 1 
1217 1 1214 1 
1218 0 1198 1 
1219 0 1199 1 
1220 0 1258 1 
1220 1 1221 0.5 
1220 1 1222 0.5 
1221 0 1259 1 
1221 1 1191 1 
1222 0 1260 1 
1222 1 1255 1 
1223 0 1261 1 
1223 1 1220 1 
1224 0 1262 1 
1225 0 1263 1 
1226 0 1208 1 
1226 1 1227 0.5 
1226 1 1228 0.5 
1227 0 1209 1 
1227 1 1197 1 
1228 0 1210 1 
1228 1 1261 1 
1229 0 1211 1 
1229 1 1226 1 
1230 0 1212 1 
1231 0 1213 1 
1232 0 1233 0.5 
1232 0 1234 0.5 
1233 0 1203 1 
1234 0 1267 1 
1235 0 1232 1 
1236 0 1237 0.5 
1236 0 1238 0.5 
1237 0 1207 1 
1238 0 1271 1 
1239 0 1236 1 
1240 0 1246 0.5 
1240 0 1252 0.5 
1240 1 1241 0.5 
1240 1 1242 0.5 
1241 0 1247 0.5 
1241 0 1253 0.5 
1241 1 1211 1 
1242 0 1248 0.5 
1242 0 1254 0.5 
1242 1 1275 1 
1243 0 1249 0.5 
1243 0 1255 0.5 
1243 1 1240 1 
1244 0 1250 0.5 
1244 0 1256 0.5 
1245 0 1251 0.5 
1245 0 1257 0.5 
1246 0 1226 1 
1246 1 1247 0.5 
1246 1 1248 0.5 
1247 0 1227 1 
1247 1 1217 1 
1248 0 1228 1 
1248 1 1281 1 
1249 0 1229 1 
1249 1 1246 1 
1250 0 1230 1 
1251 0 1231 1 
1252 0 1290 1 
1252 1 1253 0.5 
1252 1 1254 0.5 
1253 0 1291 1 
1253 1 1223 1 
1254 0 1292 1 
1254 1 1287 1 
1255 0 1293 1 
1255 1 1252 1 
1256 0 1294 1 
1257 0 1295 1 
1258 0 1240 1 
1258 1 1259 0.5 
1258 1 1260 0.5 
1259 0 1241 1 
1259 1 1229 1 
1260 0 1242 1 
1260 1 1293 1 
1261 0 1243 1 
1261 1 1258 1 
1262 0 1244 1 
1263 0 1245 1 
1264 0 1265 0.5 
1264 0 1266 0.5 
1265 0 1235 1 
1266 0 1299 1 
1267 0 1264 1 
1268 0 1269 0.5 
1268 0 1270 0.5 
1269 0 1239 1 
1270 0 1303 1 
1271 0 1268 1 
1272 0 1278 0.5 
1272 0 1284 0.5 
1272 1 1273 0.5 
1272 1 1274 0.5 
1273 0 1279 0.5 
1273 0 1285 0.5 
1273 1 1243 1 
1274 0 1280 0.5 
1274 0 1286 0.5 
1274 1 1307 1 
1275 0 1281 0.5 
1275 0 1287 0.5 
1275 1 1272 1 
1276 0 1282 0.5 
1276 0 1288 0.5 
1277 0 1283 0.5 
1277 0 1289 0.5 
1278 0 1258 1 
1278 1 1279 0.5 
1278 1 1280 0.5 
1279 0 1259 1 
1279 1 1249 1 
1280 0 1260 1 
1280 1 1313 1 
1281 0 1261 1 
1281 1 1278 1 
1282 0 1262 1 
1283 0 1263 1 
1284 0 1322 1 
1284 1 1285 0.5 
1284 1 1286 0.5 
1285 0 1323 1 
1285 1 1255 1 
1286 0 1324 1 
1286 1 1319 1 
1287 0 1325 1 
1287 1 1284 1 
1288 0 1326 1 
1289 0 1327 1 
1290 0 1272 1 
1290 1 1291 0.5 
1290 1 1292 0.5 
1291 0 1273 1 
1291 1 1261 1 
1292 0 1274 1 
1292 1 1325 1 
1293 0 1275 1 
1293 1 1290 1 
1294 0 1276 1 
1295 0 1277 1 
1296 0 1297 0.5 
1296 0 1298 0.5 
1297 0 1267 1 
1298 0 1331 1 
1299 0 1296 1 
1300 0 1301 0.5 
1300 0 1302 0.5 
1301 0 1271 1 
1302 0 1335 1 
1303 0 1300 1 
1304 0 1310 0.5 
1304 0 1316 0.5 
1304 1 1305 0.5 
1304 1 1306 0.5 
1305 0 1311 0.5 
1305 0 1317 0.5 
1305 1 1275 1 
1306 0 1312 0.5 
1306 0 1318 0.5 
1306 1 1339 1 
1307 0 1313 0.5 
1307 0 1319 0.5 
1307 1 1304 1 
1308 0 1314 0.5 
1308 0 1320 0.5 
1309 0 1315 0.5 
1309 0 1321 0.5 
1310 0 1290 1 
1310 1 1311 0.5 
1310 1 1312 0.5 
1311 0 1291 1 
1311 1 1281 1 
1312 0 1292 1 
1312 1 1345 1 
1313 0 1293 1 
1313 1 1310 1 
1314 0 1294 1 
1315 0 1295 1 
1316 0 1354 1 
1316 1 1317 0.5 
1316 1 1318 0.5 
1317 0 1355 1 
1317 1 1287 1 
1318 0 1356 1 
1318 1 1351 1 
1319 0 1357 1 
1319 1 1316 1 
1320 0 1358 1 
1321 0 1359 1 
1322 0 1304 1 
1322 1 1323 0.5 
1322 1 1324 0.5 
1323 0 1305 1 
1323 1 1293 1 
1324 0 1306 1 
1324 1 1357 1 
1325 0 1307 1 
1325 1 1322 1 
1326 0 1308 1 
1327 0 1309 1 
1328 0 1329 0.5 
1328 0 1330 0.5 
1329 0 1299 1 
1330 0 1363 1 
1331 0 1328 1 
1332 0 1333 0.5 
1332 0 1334 0.5 
1333 0 1303 1 
1334 0 1367 1 
1335 0 1332 1 
1336 0 1342 0.5 
1336 0 1348 0.5 
1336 1 1337 0.5 
1336 1 1338 0.5 
1337 0 1343 0.5 
1337 0 1349 0.5 
1337 1 1307 1 
1338 0 1344 0.5 
1338 0 1350 0.5 
1338 1 1371 1 
1339 0 1345 0.5 
1339 0 1351 0.5 
1339 1 1336 1 
1340 0 1346 0.5 
1340 0 1352 0.5 
1341 0 1347 0.5 
1341 0 1353 0.5 
1342 0 1322 1 
1342 1 1343 0.5 
1342 1 1344 0.5 
1343 0 1323 1 
1343 1 1313 1 
1344 0 1324 1 
1344 1 1377 1 
1345 0 1325 1 
1345 1 1342 1 
1346 0 1326 1 
1347 0 1327 1 
1348 0 1386 1 
1348 1 1349 0.5 
1348 1 1350 0.5 
1349 0 1387 1 
1349 1 1319 1 
1350 0 1388 1 
1350 1 1383 1 
1351 0 1389 1 
1351 1 1348 1 
1352 0 1390 1 
1353 0 1391 1 
1354 0 1336 1 
1354 1 1355 0.5 
1354 1 1356 0.5 
1355 0 1337 1 
1355 1 1325 1 
1356 0 1338 1 
1356 1 1389 1 
1357 0 1339 1 
1357 1 1354 1 
1358 0 1340 1 
1359 0 1341 1 
1360 0 1361 0.5 
1360 0 1362 0.5 
1361 0 1331 1 
1362 0 1395 1 
1363 0 1360 1 
1364 0 1365 0.5 
1364 0 1366 0.5 
1365 0 1335 1 
1366 0 1399 1 
1367 0 1364 1 
1368 0 1374 0.5 
1368 0 1380 0.5 
1368 1 1369 0.5 
1368 1 1370 0.5 
1369 0 1375 0.5 
1369 0 1381 0.5 
1369 1 1339 1 
1370 0 1376 0.5 
1370 0 1382 0.5 
1370 1 1403 1 
1371 0 1377 0.5 
1371 0 1383 0.5 
1371 1 1368 1 
1372 0 1378 0.5 
1372 0 1384 0.5 
1373 0 1379 0.5 
1373 0 1385 0.5 
1374 0 1354 1 
1374 1 1375 0.5 
1374 1 1376 0.5 
1375 0 1355 1 
1375 1 1345 1 
1376 0 1356 1 
1376 1 1409 1 
1377 0 1357 1 
1377 1 1374 1 
1378 0 1358 1 
1379 0 1359 1 
1380 0 1418 1 
1380 1 1381 0.5 
1380 1 1382 0.5 
1381 0 1419 1 
1381 1 1351 1 
1382 0 1420 1 
1382 1 1415 1 
1383 0 1421 1 
1383 1 1380 1 
1384 0 1422 1 
1385 0 1423 1 
1386 0 1368 1 
1386 1 1387 0.5 
1386 1 1388 0.5 
1387 0 1369 1 
1387 1 1357 1 
1388 0 1370 1 
1388 1 1421 1 
1389 0 1371 1 
1389 1 1386 1 
1390 0 1372 1 
1391 0 1373 1 
1392 0 1393 0.5 
1392 0 1394 0.5 
1393 0 1363 1 
1394 0 1427 1 
1395 0 1392 1 
1396 0 1397 0.5 
1396 0 1398 0.5 
1397 0 1367 1 
1398 0 1431 1 
1399 0 1396 1 
1400 0 1406 0.5 
1400 0 1412 0.5 
1400 1 1401 0.5 
1400 1 1402 0.5 
1401 0 1407 0.5 
1401 0 1413 0.5 
1401 1 1371 1 
1402 0 1408 0.5 
1402 0 1414 0.5 
1402 1 1435 1 
1403 0 1409 0.5 
1403 0 1415 0.5 
1403 1 1400 1 
1404 0 1410 0.5 
1404 0 1416 0.5 
1405 0 1411 0.5 
1405 0 1417 0.5 
1406 0 1386 1 
1406 1 1407 0.5 
1406 1 1408 0.5 
1407 0 1387 1 
1407 1 1377 1 
1408 0 1388 1 
1408 1 1441 1 
1409 0 1389 1 
1409 1 1406 1 
1410 0 1390 1 
1411 0 1391 1 
1412 0 1450 1 
1412 1 1413 0.5 
1412 1 1414 0.5 
1413 0 1451 1 
1413 1 1383 1 
1414 0 1452 1 
1414 1 1447 1 
1415 0 1453 1 
1415 1 1412 1 
1416 0 1454 1 
1417 0 1455 1 
1418 0 1400 1 
1418 1 1419 0.5 
1418 1 1420 0.5 
1419 0 1401 1 
1419 1 1389 1 
1420 0 1402 1 
1420 1 1453 1 
1421 0 1403 1 
1421 1 1418 1 
1422 0 1404 1 
1423 0 1405 1 
1424 0 1425 0.5 
1424 0 1426 0.5 
1425 0 1395 1 
1426 0 1459 1 
1427 0 1424 1 
1428 0 1429 0.5 
1428 0 1430 0.5 
1429 0 1399 1 
1430 0 1463 1 
1431 0 1428 1 
1432 0 1438 0.5 
1432 0 1444 0.5 
1432 1 1433 0.5 
1432 1 1434 0.5 
1433 0 1439 0.5 
1433 0 1445 0.5 
1433 1 1403 1 
1434 0 1440 0.5 
1434 0 1446 0.5 
1434 1 1467 1 
1435 0 1441 0.5 
1435 0 1447 0.5 
1435 1 1432 1 
1436 0 1442 0.5 
1436 0 1448 0.5 
1437 0 1443 0.5 
1437 0 1449 0.5 
1438 0 1418 1 
1438 1 1439 0.5 
1438 1 1440 0.5 
1439 0 1419 1 
1439 1 1409 1 
1440 0 1420 1 
1440 1 1473 1 
1441 0 1421 1 
1441 1 1438 1 
1442 0 1422 1 
1443 0 1423 1 
1444 0 1482 1 
1444 1 1445 0.5 
1444 1 1446 0.5 
1445 0 1483 1 
1445 1 1415 1 
1446 0 1484 1 
1446 1 1479 1 
1447 0 1485 1 
1447 1 1444 1 
1448 0 1486 1 
1449 0 1487 1 
1450 0 1432 1 
1450 1 1451 0.5 
1450 1 1452 0.5 
1451 0 1433 1 
1451 1 1421 1 
1452 0 1434 1 
1452 1 1485 1 
1453 0 1435 1 
1453 1 1450 1 
1454 0 1436 1 
1455 0 1437 1 
1456 0 1457 0.5 
1456 0 1458 0.5 
1457 0 1427 1 
1458 0 1491 1 
1459 0 1456 1 
1460 0 1461 0.5 
1460 0 1462 0.5 
1461 0 1431 1 
1462 0 1495 1 
1463 0 1460 1 
1464 0 1470 0.5 
1464 0 1476 0.5 
1464 1 1465 0.5 
1464 1 1466 0.5 
1465 0 1471 0.5 
1465 0 1477 0.5 
1465 1 1435 1 
1466 0 1472 0.5 
1466 0 1478 0.5 
1466 1 1499 1 
1467 0 1473 0.5 
1467 0 1479 0.5 
1467 1 1464 1 
1468 0 1474 0.5 
1468 0 1480 0.5 
1469 0 1475 0.5 
1469 0 1481 0.5 
1470 0 1450 1 
1470 1 1471 0.5 
1470 1 1472 0.5 
1471 0 1451 1 
1471 1 1441 1 
1472 0 1452 1 
1472 1 1505 1 
1473 0 1453 1 
1473 1 1470 1 
1474 0 1454 1 
1475 0 1455 1 
1476 0 1514 1 
1476 1 1477 0.5 
1476 1 1478 0.5 
1477 0 1515 1 
1477 1 1447 1 
1478 0 1516 1 
1478 1 1511 1 
1479 0 1517 1 
1479 1 1476 1 
1480 0 1518 1 
1481 0 1519 1 
1482 0 1464 1 
1482 1 1483 0.5 
1482 1 1484 0.5 
1483 0 1465 1 
1483 1 1453 1 
1484 0 1466 1 
1484 1 1517 1 
1485 0 1467 1 
1485 1 1482 1 
1486 0 1468 1 
1487 0 1469 1 
1488 0 1489 0.5 
1488 0 1490 0.5 
1489 0 1459 1 
1490 0 1523 1 
1491 0 1488 1 
1492 0 1493 0.5 
1492 0 1494 0.5 
1493 0 1463 1 
1494 0 1527 1 
1495 0 1492 1 
1496 0 1502 0.5 
1496 0 1508 0.5 
1496 1 1497 0.5 
1496 1 1498 0.5 
1497 0 1503 0.5 
1497 0 1509 0.5 
1497 1 1467 1 
1498 0 1504 0.5 
1498 0 1510 0.5 
1498 1 1531 1 
1499 0 1505 0.5 
1499 0 1511 0.5 
1499 1 1496 1 
1500 0 1506 0.5 
1500 0 1512 0.5 
1501 0 1507 0.5 
1501 0 1513 0.5 
1502 0 1482 1 
1502 1 1503 0.5 
1502 1 1504 0.5 
1503 0 1483 1 
1503 1 1473 1 
1504 0 1484 1 
1504 1 1537 1 
1505 0 1485 1 
1505 1 1502 1 
1506 0 1486 1 
1507 0 1487 1 
1508 0 1546 1 
1508 1 1509 0.5 
1508 1 1510 0.5 
1509 0 1547 1 
1509 1 1479 1 
1510 0 1548 1 
1510 1 1543 1 
1511 0 1549 1 
1511 1 1508 1 
1512 0 1550 1 
1513 0 1551 1 
1514 0 1496 1 
1514 1 1515 0.5 
1514 1 1516 0.5 
1515 0 1497 1 
1515 1 1485 1 
1516 0 1498 1 
1516 1 1549 1 
1517 0 1499 1 
1517 1 1514 1 
1518 0 1500 1 
1519 0 1501 1 
1520 0 1521 0.5 
1520 0 1522 0.5 
1521 0 1491 1 
1522 0 1555 1 
1523 0 1520 1 
1524 0 1525 0.5 
1524 0 1526 0.5 
1525 0 1495 1 
1526 0 1559 1 
1527 0 1524 1 
1528 0 1534 0.5 
1528 0 1540 0.5 
1528 1 1529 0.5 
1528 1 1530 0.5 
1529 0 1535 0.5 
1529 0 1541 0.5 
1529 1 1499 1 
1530 0 1536 0.5 
1530 0 1542 0.5 
1530 1 1563 1 
1531 0 1537 0.5 
1531 0 1543 0.5 
1531 1 1528 1 
1532 0 1538 0.5 
1532 0 1544 0.5 
1533 0 1539 0.5 
1533 0 1545 0.5 
1534 0 1514 1 
1534 1 1535 0.5 
1534 1 1536 0.5 
1535 0 1515 1 
1535 1 1505 1 
1536 0 1516 1 
1536 1 1569 1 
1537 0 1517 1 
1537 1 1534 1 
1538 0 1518 1 
1539 0 1519 1 
1540 0 1578 1 
1540 1 1541 0.5 
1540 1 1542 0.5 
1541 0 1579 1 
1541 1 1511 1 
1542 0 1580 1 
1542 1 1575 1 
1543 0 1581 1 
1543 1 1540 1 
1544 0 1582 1 
1545 0 1583 1 
1546 0 1528 1 
1546 1 1547 0.5 
1546 1 1548 0.5 
1547 0 1529 1 
1547 1 1517 1 
1548 0 1530 1 
1548 1 1581 1 
1549 0 1531 1 
1549 1 1546 1 
1550 0 1532 1 
1551 0 1533 1 
1552 0 1553 0.5 
1552 0 1554 0.5 
1553 0 1523 1 
1554 0 1587 1 
1555 0 1552 1 
1556 0 1557 0.5 
1556 0 1558 0.5 
1557 0 1527 1 
1558 0 1591 1 
1559 0 1556 1 
1560 0 1566 0.5 
1560 0 1572 0.5 
1560 1 1561 0.5 
1560 1 1562 0.5 
1561 0 1567 0.5 
1561 0 1573 0.5 
1561 1 1531 1 
1562 0 1568 0.5 
1562 0 1574 0.5 
1562 1 1595 1 
1563 0 1569 0.5 
1563 0 1575 0.5 
1563 1 1560 1 
1564 0 1570 0.5 
1564 0 1576 0.5 
1565 0 1571 0.5 
1565 0 1577 0.5 
1566 0 1546 1 
1566 1 1567 0.5 
1566 1 1568 0.5 
1567 0 1547 1 
1567 1 1537 1 
1568 0 1548 1 
1568 1 1601 1 
1569 0 1549 1 
1569 1 1566 1 
1570 0 1550 1 
1571 0 1551 1 
1572 0 1610 1 
1572 1 1573 0.5 
1572 1 1574 0.5 
1573 0 1611 1 
1573 1 1543 1 
1574 0 1612 1 
1574 1 1607 1 
1575 0 1613 1 
1575 1 1572 1 
1576 0 1614 1 
1577 0 1615 1 
1578 0 1560 1 
1578 1 1579 0.5 
1578 1 1580 0.5 
1579 0 1561 1 
1579 1 1549 1 
1580 0 1562 1 
1580 1 1613 1 
1581 0 1563 1 
1581 1 1578 1 
1582 0 1564 1 
1583 0 1565 1 
1584 0 1585 0.5 
1584 0 1586 0.5 
1585 0 1555 1 
1586 0 1619 1 
1587 0 1584 1 
1588 0 1589 0.5 
1588 0 1590 0.5 
1589 0 1559 1 
1590 0 1623 1 
1591 0 1588 1 
1592 0 1598 0.5 
1592 0 1604 0.5 
1592 1 1593 0.5 
1592 1 1594 0.5 
1593 0 1599 0.5 
1593 0 1605 0.5 
1593 1 1563 1 
1594 0 1600 0.5 
1594 0 1606 0.5 
1594 1 1627 1 
1595 0 1601 0.5 
1595 0 1607 0.5 
1595 1 1592 1 
1596 0 1602 0.5 
1596 0 1608 0.5 
1597 0 1603 0.5 
1597 0 1609 0.5 
1598 0 1578 1 
1598 1 1599 0.5 
1598 1 1600 0.5 
1599 0 1579 1 
1599 1 1569 1 
1600 0 1580 1 
1600 1 1633 1 
1601 0 1581 1 
1601 1 1598 1 
1602 0 1582 1 
1603 0 1583 1 
1604 0 1642 1 
1604 1 1605 0.5 
1604 1 1606 0.5 
1605 0 1643 1 
1605 1 1575 1 
1606 0 1644 1 
1606 1 1639 1 
1607 0 1645 1 
1607 1 1604 1 
1608 0 1646 1 
1609 0 1647 1 
1610 0 1592 1 
1610 1 1611 0.5 
1610 1 1612 0.5 
1611 0 1593 1 
1611 1 1581 1 
1612 0 1594 1 
1612 1 1645 1 
1613 0 1595 1 
1613 1 1610 1 
1614 0 1596 1 
1615 0 1597 1 
1616 0 1617 0.5 
1616 0 1618 0.5 
1617 0 1587 1 
1618 0 1651 1 
1619 0 1616 1 
1620 0 1621 0.5 
1620 0 1622 0.5 
1621 0 1591 1 
1622 0 1655 1 
1623 0 1620 1 
1624 0 1630 0.5 
1624 0 1636 0.5 
1624 1 1625 0.5 
1624 1 1626 0.5 
1625 0 1631 0.5 
1625 0 1637 0.5 
1625 1 1595 1 
1626 0 1632 0.5 
1626 0 1638 0.5 
1626 1 1659 1 
1627 0 1633 0.5 
1627 0 1639 0.5 
1627 1 1624 1 
1628 0 1634 0.5 
1628 0 1640 0.5 
1629 0 1635 0.5 
1629 0 1641 0.5 
1630 0 1610 1 
1630 1 1631 0.5 
1630 1 1632 0.5 
1631 0 1611 1 
1631 1 1601 1 
1632 0 1612 1 
1632 1 1665 1 
1633 0 1613 1 
1633 1 1630 1 
1634 0 1614 1 
1635 0 1615 1 
1636 0 1674 1 
1636 1 1637 0.5 
1636 1 1638 0.5 
1637 0 1675 1 
1637 1 1607 1 
1638 0 1676 1 
1638 1 1671 1 
1639 0 1677 1 
1639 1 1636 1 
1640 0 1678 1 
1641 0 1679 1 
1642 0 1624 1 
1642 1 1643 0.5 
1642 1 1644 0.5 
1643 0 1625 1 
1643 1 1613 1 
1644 0 1626 1 
1644 1 1677 1 
1645 0 1627 1 
1645 1 1642 1 
1646 0 1628 1 
1647 0 1629 1 
1648 0 1649 0.5 
1648 0 1650 0.5 
1649 0 1619 1 
1650 0 1683 1 
1651 0 1648 1 
1652 0 1653 0.5 
1652 0 1654 0.5 
1653 0 1623 1 
1654 0 1687 1 
1655 0 1652 1 
1656 0 1662 0.5 
1656 0 1668 0.5 
1656 1 1657 0.5 
1656 1 1658 0.5 
1657 0 1663 0.5 
1657 0 1669 0.5 
1657 1 1627 1 
1658 0 1664 0.5 
1658 0 1670 0.5 
1658 1 1691 1 
1659 0 1665 0.5 
1659 0 1671 0.5 
1659 1 1656 1 
1660 0 1666 0.5 
1660 0 1672 0.5 
1661 0 1667 0.5 
1661 0 1673 0.5 
1662 0 1642 1 
1662 1 1663 0.5 
1662 1 1664 0.5 
1663 0 1643 1 
1663 1 1633 1 
1664 0 1644 1 
1664 1 1697 1 
1665 0 1645 1 
1665 1 1662 1 
1666 0 1646 1 
1667 0 1647 1 
1668 0 1706 1 
1668 1 1669 0.5 
1668 1 1670 0.5 
1669 0 1707 1 
1669 1 1639 1 
1670 0 1708 1 
1670 1 1703 1 
1671 0 1709 1 
1671 1 1668 1 
1672 0 1710 1 
1673 0 1711 1 
1674 0 1656 1 
1674 1 1675 0.5 
1674 1 1676 0.5 
1675 0 1657 1 
1675 1 1645 1 
1676 0 1658 1 
1676 1 1709 1 
1677 0 1659 1 
1677 1 1674 1 
1678 0 1660 1 
1679 0 1661 1 
1680 0 1681 0.5 
1680 0 1682 0.5 
1681 0 1651 1 
1682 0 1715 1 
1683 0 1680 1 
1684 0 1685 0.5 
1684 0 1686 0.5 
1685 0 1655 1 
1686 0 1719 1 
1687 0 1684 1 
1688 0 1694 0.5 
1688 0 1700 0.5 
1688 1 1689 0.5 
1688 1 1690 0.5 
1689 0 1695 0.5 
1689 0 1701 0.5 
1689 1 1659 1 
1690 0 1696 0.5 
1690 0 1702 0.5 
1690 1 1723 1 
1691 0 1697 0.5 
1691 0 1703 0.5 
1691 1 1688 1 
1692 0 1698 0.5 
1692 0 1704 0.5 
1693 0 1699 0.5 
1693 0 1705 0.5 
1694 0 1674 1 
1694 1 1695 0.5 
1694 1 1696 0.5 
1695 0 1675 1 
1695 1 1665 1 
1696 0 1676 1 
1696 1 1729 1 
1697 0 1677 1 
1697 1 1694 1 
1698 0 1678 1 
1699 0 1679 1 
1700 0 1738 1 
1700 1 1701 0.5 
1700 1 1702 0.5 
1701 0 1739 1 
1701 1 1671 1 
1702 0 1740 1 
1702 1 1735 1 
1703 0 1741 1 
1703 1 1700 1 
1704 0 1742 1 
1705 0 1743 1 
1706 0 1688 1 
1706 1 1707 0.5 
1706 1 1708 0.5 
1707 0 1689 1 
1707 1 1677 1 
1708 0 1690 1 
1708 1 1741 1 
1709 0 1691 1 
1709 1 1706 1 
1710 0 1692 1 
1711 0 1693 1 
1712 0 1713 0.5 
1712 0 1714 0.5 
1713 0 1683 1 
1714 0 1747 1 
1715 0 1712 1 
1716 0 1717 0.5 
1716 0 1718 0.5 
1717 0 1687 1 
1718 0 1751 1 
1719 0 1716 1 
1720 0 1726 0.5 
1720 0 1732 0.5 
1720 1 1721 0.5 
1720 1 1722 0.5 
1721 0 1727 0.5 
1721 0 1733 0.5 
1721 1 1691 1 
1722 0 1728 0.5 
1722 0 1734 0.5 
1722 1 1755 1 
1723 0 1729 0.5 
1723 0 1735 0.5 
1723 1 1720 1 
1724 0 1730 0.5 
1724 0 1736 0.5 
1725 0 1731 0.5 
1725 0 1737 0.5 
1726 0 1706 1 
1726 1 1727 0.5 
1726 1 1728 0.5 
1727 0 1707 1 
1727 1 1697 1 
1728 0 1708 1 
1728 1 1761 1 
1729 0 1709 1 
1729 1 1726 1 
1730 0 1710 1 
1731 0 1711 1 
1732 0 1770 1 
1732 1 1733 0.5 
1732 1 1734 0.5 
1733 0 1771 1 
1733 1 1703 1 
1734 0 1772 1 
1734 1 1767 1 
1735 0 1773 1 
1735 1 1732 1 
1736 0 1774 1 
1737 0 1775 1 
1738 0 1720 1 
1738 1 1739 0.5 
1738 1 1740 0.5 
1739 0 1721 1 
1739 1 1709 1 
1740 0 1722 1 
1740 1 1773 1 
1741 0 1723 1 
1741 1 1738 1 
1742 0 1724 1 
1743 0 1725 1 
1744 0 1745 0.5 
1744 0 1746 0.5 
1745 0 1715 1 
1746 0 1779 1 
1747 0 1744 1 
1748 0 1749 0.5 
1748 0 1750 0.5 
1749 0 1719 1 
1750 0 1783 1 
1751 0 1748 1 
1752 0 1758 0.5 
1752 0 1764 0.5 
1752 1 1753 0.5 
1752 1 1754 0.5 
1753 0 1759 0.5 
1753 0 1765 0.5 
1753 1 1723 1 
1754 0 1760 0.5 
1754 0 1766 0.5 
1754 1 1787 1 
1755 0 1761 0.5 
1755 0 1767 0.5 
1755 1 1752 1 
1756 0 1762 0.5 
1756 0 1768 0.5 
1757 0 1763 0.5 
1757 0 1769 0.5 
1758 0 1738 1 
1758 1 1759 0.5 
1758 1 1760 0.5 
1759 0 1739 1 
1759 1 1729 1 
1760 0 1740 1 
1760 1 1793 1 
1761 0 1741 1 
1761 1 1758 1 
1762 0 1742 1 
1763 0 1743 1 
1764 0 1802 1 
1764 1 1765 0.5 
1764 1 1766 0.5 
1765 0 1803 1 
1765 1 1735 1 
1766 0 1804 1 
1766 1 1799 1 
1767 0 1805 1 
1767 1 1764 1 
1768 0 1806 1 
1769 0 1807 1 
1770 0 1752 1 
1770 1 1771 0.5 
1770 1 1772 0.5 
1771 0 1753 1 
1771 1 1741 1 
1772 0 1754 1 
1772 1 1805 1 
1773 0 1755 1 
1773 1 1770 1 
1774 0 1756 1 
1775 0 1757 1 
1776 0 1777 0.5 
1776 0 1778 0.5 
1777 0 1747 1 
1778 0 1811 1 
1779 0 1776 1 
1780 0 1781 0.5 
1780 0 1782 0.5 
1781 0 1751 1 
1782 0 1815 1 
1783 0 1780 1 
1784 0 1790 0.5 
1784 0 1796 0.5 
1784 1 1785 0.5 
1784 1 1786 0.5 
1785 0 1791 0.5 
1785 0 1797 0.5 
1785 1 1755 1 
1786 0 1792 0.5 
1786 0 1798 0.5 
1786 1 1819 1 
1787 0 1793 0.5 
1787 0 1799 0.5 
1787 1 1784 1 
1788 0 1794 0.5 
1788 0 1800 0.5 
1789 0 1795 0.5 
1789 0 1801 0.5 
1790 0 1770 1 
1790 1 1791 0.5 
1790 1 1792 0.5 
1791 0 1771 1 
1791 1 1761 1 
1792 0 1772 1 
1792 1 1825 1 
1793 0 1773 1 
1793 1 1790 1 
1794 0 1774 1 
1795 0 1775 1 
1796 0 1834 1 
1796 1 1797 0.5 
1796 1 1798 0.5 
1797 0 1835 1 
1797 1 1767 1 
1798 0 1836 1 
1798 1 1831 1 
1799 0 1837 1 
1799 1 1796 1 
1800 0 1838 1 
1801 0 1839 1 
1802 0 1784 1 
1802 1 1803 0.5 
1802 1 1804 0.5 
1803 0 1785 1 
1803 1 1773 1 
1804 0 1786 1 
1804 1 1837 1 
1805 0 1787 1 
1805 1 1802 1 
1806 0 1788 1 
1807 0 1789 1 
1808 0 1809 0.5 
1808 0 1810 0.5 
1809 0 1779 1 
1810 0 1843 1 
1811 0 1808 1 
1812 0 1813 0.5 
1812 0 1814 0.5 
1813 0 1783 1 
1814 0 1847 1 
1815 0 1812 1 
1816 0 1822 0.5 
1816 0 1828 0.5 
1816 1 1817 0.5 
1816 1 1818 0.5 
1817 0 1823 0.5 
1817 0 1829 0.5 
1817 1 1787 1 
1818 0 1824 0.5 
1818 0 1830 0.5 
1818 1 1851 1 
1819 0 1825 0.5 
1819 0 1831 0.5 
1819 1 1816 1 
1820 0 1826 0.5 
1820 0 1832 0.5 
1821 0 1827 0.5 
1821 0 1833 0.5 
1822 0 1802 1 
1822 1 1823 0.5 
1822 1 1824 0.5 
1823 0 1803 1 
1823 1 1793 1 
1824 0 1804 1 
1824 1 1857 1 
1825 0 1805 1 
1825 1 1822 1 
1826 0 1806 1 
1827 0 1807 1 
1828 0 1866 1 
1828 1 1829 0.5 
1828 1 1830 0.5 
1829 0 1867 1 
1829 1 1799 1 
1830 0 1868 1 
1830 1 1863 1 
1831 0 1869 1 
1831 1 1828 1 
1832 0 1870 1 
1833 0 1871 1 
1834 0 1816 1 
1834 1 1835 0.5 
1834 1 1836 0.5 
1835 0 1817 1 
1835 1 1805 1 
1836 0 1818 1 
1836 1 1869 1 
1837 0 1819 1 
1837 1 1834 1 
1838 0 1820 1 
1839 0 1821 1 
1840 0 1841 0.5 
1840 0 1842 0.5 
1841 0 1811 1 
1842 0 1875 1 
1843 0 1840 1 
1844 0 1845 0.5 
1844 0 1846 0.5 
1845 0 1815 1 
1846 0 1879 1 
1847 0 1844 1 
1848 0 1854 0.5 
1848 0 1860 0.5 
1848 1 1849 0.5 
1848 1 1850 0.5 
1849 0 1855 0.5 
1849 0 1861 0.5 
1849 1 1819 1 
1850 0 1856 0.5 
1850 0 1862 0.5 
1850 1 1883 1 
1851 0 1857 0.5 
1851 0 1863 0.5 
1851 1 1848 1 
1852 0 1858 0.5 
1852 0 1864 0.5 
1853 0 1859 0.5 
1853 0 1865 0.5 
1854 0 1834 1 
1854 1 1855 0.5 
1854 1 1856 0.5 
1855 0 1835 1 
1855 1 1825 1 
1856 0 1836 1 
1856 1 1889 1 
1857 0 1837 1 
1857 1 1854 1 
1858 0 1838 1 
1859 0 1839 1 
1860 0 1898 1 
1860 1 1861 0.5 
1860 1 1862 0.5 
1861 0 1899 1 
1861 1 1831 1 
1862 0 1900 1 
1862 1 1895 1 
1863 0 1901 1 
1863 1 1860 1 
1864 0 1902 1 
1865 0 1903 1 
1866 0 1848 1 
1866 1 1867 0.5 
1866 1 1868 0.5 
1867 0 1849 1 
1867 1 1837 1 
1868 0 1850 1 
1868 1 1901 1 
1869 0 1851 1 
1869 1 1866 1 
1870 0 1852 1 
1871 0 1853 1 
1872 0 1873 0.5 
1872 0 1874 0.5 
1873 0 1843 1 
1874 0 1907 1 
1875 0 1872 1 
1876 0 1877 0.5 
1876 0 1878 0.5 
1877 0 1847 1 
1878 0 1911 1 
1879 0 1876 1 
1880 0 1886 0.5 
1880 0 1892 0.5 
1880 1 1881 0.5 
1880 1 1882 0.5 
1881 0 1887 0.5 
1881 0 1893 0.5 
1881 1 1851 1 
1882 0 1888 0.5 
1882 0 1894 0.5 
1882 1 1915 1 
1883 0 1889 0.5 
1883 0 1895 0.5 
1883 1 1880 1 
1884 0 1890 0.5 
1884 0 1896 0.5 
1885 0 1891 0.5 
1885 0 1897 0.5 
1886 0 1866 1 
1886 1 1887 0.5 
1886 1 1888 0.5 
1887 0 1867 1 
1887 1 1857 1 
1888 0 1868 1 
1888 1 1921 1 
1889 0 1869 1 
1889 1 1886 1 
1890 0 1870 1 
1891 0 1871 1 
1892 0 1930 1 
1892 1 1893 0.5 
1892 1 1894 0.5 
1893 0 1931 1 
1893 1 1863 1 
1894 0 1932 1 
1894 1 1927 1 
1895 0 1933 1 
1895 1 1892 1 
1896 0 1934 1 
1897 0 1935 1 
1898 0 1880 1 
1898 1 1899 0.5 
1898 1 1900 0.5 
1899 0 1881 1 
1899 1 1869 1 
1900 0 1882 1 
1900 1 1933 1 
1901 0 1883 1 
1901 1 1898 1 
1902 0 1884 1 
1903 0 1885 1 
1904 0 1905 0.5 
1904 0 1906 0.5 
1905 0 1875 1 
1906 0 1939 1 
1907 0 1904 1 
1908 0 1909 0.5 
1908 0 1910 0.5 
1909 0 1879 1 
1910 0 1943 1 
1911 0 1908 1 
1912 0 1918 0.5 
1912 0 1924 0.5 
1912 1 1913 0.5 
1912 1 1914 0.5 
1913 0 1919 0.5 
1913 0 1925 0.5 
1913 1 1883 1 
1914 0 1920 0.5 
1914 0 1926 0.5 
1914 1 1947 1 
1915 0 1921 0.5 
1915 0 1927 0.5 
1915 1 1912 1 
1916 0 1922 0.5 
1916 0 1928 0.5 
1917 0 1923 0.5 
1917 0 1929 0.5 
1918 0 1898 1 
1918 1 1919 0.5 
1918 1 1920 0.5 
1919 0 1899 1 
1919 1 1889 1 
1920 0 1900 1 
1920 1 1953 1 
1921 0 1901 1 
1921 1 1918 1 
1922 0 1902 1 
1923 0 1903 1 
1924 0 1962 1 
1924 1 1925 0.5 
1924 1 1926 0.5 
1925 0 1963 1 
1925 1 1895 1 
1926 0 1964 1 
1926 1 1959 1 
1927 0 1965 1 
1927 1 1924 1 
1928 0 1966 1 
1929 0 1967 1 
1930 0 1912 1 
1930 1 1931 0.5 
1930 1 1932 0.5 
1931 0 1913 1 
1931 1 1901 1 
1932 0 1914 1 
1932 1 1965 1 
1933 0 1915 1 
1933 1 1930 1 
1934 0 1916 1 
1935 0 1917 1 
1936 0 1937 0.5 
1936 0 1938 0.5 
1937 0 1907 1 
1938 0 1971 1 
1939 0 1936 1 
1940 0 1941 0.5 
1940 0 1942 0.5 
1941 0 1911 1 
1942 0 1975 1 
1943 0 1940 1 
1944 0 1950 0.5 
1944 0 1956 0.5 
1944 1 1945 0.5 
1944 1 1946 0.5 
1945 0 1951 0.5 
1945 0 1957 0.5 
1945 1 1915 1 
1946 0 1952 0.5 
1946 0 1958 0.5 
1946 1 1979 1 
1947 0 1953 0.5 
1947 0 1959 0.5 
1947 1 1944 1 
1948 0 1954 0.5 
1948 0 1960 0.5 
1949 0 1955 0.5 
1949 0 1961 0.5 
1950 0 1930 1 
1950 1 1951 0.5 
1950 1 1952 0.5 
1951 0 1931 1 
1951 1 1921 1 
1952 0 1932 1 
1952 1 1985 1 
1953 0 1933 1 
1953 1 1950 1 
1954 0 1934 1 
1955 0 1935 1 
1956 0 1994 1 
1956 1 1957 0.5 
1956 1 1958 0.5 
1957 0 1995 1 
1957 1 1927 1 
1958 0 1996 1 
1958 1 1991 1 
1959 0 1997 1 
1959 1 1956 1 
1960 0 1998 1 
1961 0 1999 1 
1962 0 1944 1 
1962 1 1963 0.5 
1962 1 1964 0.5 
1963 0 1945 1 
1963 1 1933 1 
1964 0 1946 1 
1964 1 1997 1 
1965 0 1947 1 
1965 1 1962 1 
1966 0 1948 1 
1967 0 1949 1 
1968 0 1969 0.5 
1968 0 1970 0.5 
1969 0 1939 1 
1970 0 2003 1 
1971 0 1968 1 
1972 0 1973 0.5 
1972 0 1974 0.5 
1973 0 1943 1 
1974 0 2007 1 
1975 0 1972 1 
1976 0 1982 0.5 
1976 0 1988 0.5 
1976 1 1977 0.5 
1976 1 1978 0.5 
1977 0 1983 0.5 
1977 0 1989 0.5 
1977 1 1947 1 
1978 0 1984 0.5 
1978 0 1990 0.5 
1978 1 2011 1 
1979 0 1985 0.5 
1979 0 1991 0.5 
1979 1 1976 1 
1980 0 1986 0.5 
1980 0 1992 0.5 
1981 0 1987 0.5 
1981 0 1993 0.5 
1982 0 1962 1 
1982 1 1983 0.5 
1982 1 1984 0.5 
1983 0 1963 1 
1983 1 1953 1 
1984 0 1964 1 
1984 1 2017 1 
1985 0 1965 1 
1985 1 1982 1 
1986 0 1966 1 
1987 0 1967 1 
1988 0 2026 1 
1988 1 1989 0.5 
1988 1 1990 0.5 
1989 0 2027 1 
1989 1 1959 1 
1990 0 2028 1 
1990 1 2023 1 
1991 0 2029 1 
1991 1 1988 1 
1992 0 2030 1 
1993 0 2031 1 
1994 0 1976 1 
1994 1 1995 0.5 
1994 1 1996 0.5 
1995 0 1977 1 
1995 1 1965 1 
1996 0 1978 1 
1996 1 2029 1 
1997 0 1979 1 
1997 1 1994 1 
1998 0 1980 1 
1999 0 1981 1 
2000 0 2001 0.5 
2000 0 2002 0.5 
2001 0 1971 1 
2002 0 2035 1 
2003 0 2000 1 
2004 0 2005 0.5 
2004 0 2006 0.5 
2005 0 1975 1 
2006 0 2039 1 
2007 0 2004 1 
2008 0 2014 0.5 
2008 0 2020 0.5 
2008 1 2009 0.5 
2008 1 2010 0.5 
2009 0 2015 0.5 
2009 0 2021 0.5 
2009 1 1979 1 
2010 0 2016 0.5 
2010 0 2022 0.5 
2010 1 2040 1 
2011 0 2017 0.5 
2011 0 2023 0.5 
2011 1 2008 1 
2012 0 2018 0.5 
2012 0 2024 0.5 
2013 0 2019 0.5 
2013 0 2025 0.5 
2014 0 1994 1 
2014 1 2015 0.5 
2014 1 2016 0.5 
2015 0 1995 1 
2015 1 1985 1 
2016 0 1996 1 
2016 1 2042 1 
2017 0 1997 1 
2017 1 2014 1 
2018 0 1998 1 
2019 0 1999 1 
2020 0 2046 1 
2020 1 2021 0.5 
2020 1 2022 0.5 
2021 0 2047 1 
2021 1 1991 1 
2022 0 2048 1 
2022 1 2044 1 
2023 0 2049 1 
2023 1 2020 1 
2024 0 2050 1 
2025 0 2051 1 
2026 0 2008 1 
2026 1 2027 0.5 
2026 1 2028 0.5 
2027 0 2009 1 
2027 1 1997 1 
2028 0 2010 1 
2028 1 2049 1 
2029 0 2011 1 
2029 1 2026 1 
2030 0 2012 1 
2031 0 2013 1 
2032 0 2033 0.5 
2032 0 2034 0.5 
2033 0 2003 1 
2034 0 2052 1 
2035 0 2032 1 
2036 0 2037 0.5 
2036 0 2038 0.5 
2037 0 2007 1 
2038 0 2057 1 
2039 0 2036 1 
2040 0 2042 0.5 
2040 0 2044 0.5 
2040 1 2041 1 
2041 0 2043 0.5 
2041 0 2045 0.5 
2042 0 2029 1 
2042 1 2043 1 
2043 0 2031 1 
2044 0 2060 1 
2044 1 2045 1 
2045 0 2061 1 
2046 0 2054 1 
2046 1 2047 0.5 
2046 1 2048 0.5 
2047 0 2055 1 
2047 1 2029 1 
2048 0 2056 1 
2048 1 2060 1 
2049 0 2057 1 
2049 1 2051 1 
2050 0 2058 1 
2051 0 2059 1 
2052 0 2053 1 
2053 0 2053 1 done
2054 0 2055 0.5 
2054 0 2056 0.5 
2055 0 2039 1 
2056 0 2062 1 
2057 0 2059 1 
2058 0 2058 1 done
2059 0 2059 1 done
2060 0 2062 1 
2060 1 2061 1 
2061 0 2063 1 
2062 0 2063 1 
2063 0 2063 1 done
