1040 1552 1932
0 0 2 1 
0 1 1 1 
1 0 3 1 
2 0 3 1 
3 0 3 1 done
4 0 6 0.5 
4 0 8 0.5 
4 1 5 1 
5 0 7 0.5 
5 0 9 0.5 
6 0 0 1 
6 1 7 1 
7 0 1 1 
8 0 45 1 
8 1 9 1 
9 0 46 1 
10 0 16 1 
10 1 11 0.5 
10 1 12 0.5 
11 0 17 1 
11 1 0 1 
12 0 18 1 
12 1 45 1 
13 0 19 1 
13 1 14 1 
14 0 20 1 
15 0 21 1 
16 0 17 0.5 
16 0 18 0.5 
17 0 2 1 
18 0 51 1 
19 0 20 1 
20 0 20 1 done
21 0 21 1 done
22 0 23 1 
23 0 23 1 done
24 0 30 0.5 
24 0 36 0.5 
24 1 25 0.5 
24 1 26 0.5 
25 0 31 0.5 
25 0 37 0.5 
25 1 4 1 
26 0 32 0.5 
26 0 38 0.5 
26 1 59 1 
27 0 33 0.5 
27 0 39 0.5 
27 1 24 1 
28 0 34 0.5 
28 0 40 0.5 
29 0 35 0.5 
29 0 41 0.5 
30 0 10 1 
30 1 31 0.5 
30 1 32 0.5 
31 0 11 1 
31 1 6 1 
32 0 12 1 
32 1 65 1 
33 0 13 1 
33 1 30 1 
34 0 14 1 
35 0 15 1 
36 0 74 1 
36 1 37 0.5 
36 1 38 0.5 
37 0 75 1 
37 1 8 1 
38 0 76 1 
38 1 71 1 
39 0 77 1 
39 1 36 1 
40 0 78 1 
41 0 79 1 
42 0 24 1 
42 1 43 0.5 
42 1 44 0.5 
43 0 25 1 
43 1 13 1 
44 0 26 1 
44 1 77 1 
45 0 27 1 
45 1 42 1 
46 0 28 1 
47 0 29 1 
48 0 49 0.5 
48 0 50 0.5 
49 0 19 1 
50 0 83 1 
51 0 48 1 
52 0 53 0.5 
52 0 54 0.5 
53 0 22 1 
54 0 87 1 
55 0 52 1 
56 0 62 0.5 
56 0 68 0.5 
56 1 57 0.5 
56 1 58 0.5 
57 0 63 0.5 
57 0 69 0.5 
57 1 27 1 
58 0 64 0.5 
58 0 70 0.5 
58 1 91 1 
59 0 65 0.5 
59 0 71 0.5 
59 1 56 1 
60 0 66 0.5 
60 0 72 0.5 
61 0 67 0.5 
61 0 73 0.5 
62 0 42 1 
62 1 63 0.5 
62 1 64 0.5 
63 0 43 1 
63 1 33 1 
64 0 44 1 
64 1 97 1 
65 0 45 1 
65 1 62 1 
66 0 46 1 
67 0 47 1 
68 0 106 1 
68 1 69 0.5 
68 1 70 0.5 
69 0 107 1 
69 1 39 1 
70 0 108 1 
70 1 103 1 
71 0 109 1 
71 1 68 1 
72 0 110 1 
73 0 111 1 
74 0 56 1 
74 1 75 0.5 
74 1 76 0.5 
75 0 57 1 
75 1 45 1 
76 0 58 1 
76 1 109 1 
77 0 59 1 
77 1 74 1 
78 0 60 1 
79 0 61 1 
80 0 81 0.5 
80 0 82 0.5 
81 0 51 1 
82 0 115 1 
83 0 80 1 
84 0 85 0.5 
84 0 86 0.5 
85 0 55 1 
86 0 119 1 
87 0 84 1 
88 0 94 0.5 
88 0 100 0.5 
88 1 89 0.5 
88 1 90 0.5 
89 0 95 0.5 
89 0 101 0.5 
89 1 59 1 
90 0 96 0.5 
90 0 102 0.5 
90 1 123 1 
91 0 97 0.5 
91 0 103 0.5 
91 1 88 1 
92 0 98 0.5 
92 0 104 0.5 
93 0 99 0.5 
93 0 105 0.5 
94 0 74 1 
94 1 95 0.5 
94 1 96 0.5 
95 0 75 1 
95 1 65 1 
96 0 76 1 
96 1 129 1 
97 0 77 1 
97 1 94 1 
98 0 78 1 
99 0 79 1 
100 0 138 1 
100 1 101 0.5 
100 1 102 0.5 
101 0 139 1 
101 1 71 1 
102 0 140 1 
102 1 135 1 
103 0 141 1 
103 1 100 1 
104 0 142 1 
105 0 143 1 
106 0 88 1 
106 1 107 0.5 
106 1 108 0.5 
107 0 89 1 
107 1 77 1 
108 0 90 1 
108 1 141 1 
109 0 91 1 
109 1 106 1 
110 0 92 1 
111 0 93 1 
112 0 113 0.5 
112 0 114 0.5 
113 0 83 1 
114 0 147 1 
115 0 112 1 
116 0 117 0.5 
116 0 118 0.5 
117 0 87 1 
118 0 151 1 
119 0 116 1 
120 0 126 0.5 
120 0 132 0.5 
120 1 121 0.5 
120 1 122 0.5 
121 0 127 0.5 
121 0 133 0.5 
121 1 91 1 
122 0 128 0.5 
122 0 134 0.5 
122 1 155 1 
123 0 129 0.5 
123 0 135 0.5 
123 1 120 1 
124 0 130 0.5 
124 0 136 0.5 
125 0 131 0.5 
125 0 137 0.5 
126 0 106 1 
126 1 127 0.5 
126 1 128 0.5 
127 0 107 1 
127 1 97 1 
128 0 108 1 
128 1 161 1 
129 0 109 1 
129 1 126 1 
130 0 110 1 
131 0 111 1 
132 0 170 1 
132 1 133 0.5 
132 1 134 0.5 
133 0 171 1 
133 1 103 1 
134 0 172 1 
134 1 167 1 
135 0 173 1 
135 1 132 1 
136 0 174 1 
137 0 175 1 
138 0 120 1 
138 1 139 0.5 
138 1 140 0.5 
139 0 121 1 
139 1 109 1 
140 0 122 1 
140 1 173 1 
141 0 123 1 
141 1 138 1 
142 0 124 1 
143 0 125 1 
144 0 145 0.5 
144 0 146 0.5 
145 0 115 1 
146 0 179 1 
147 0 144 1 
148 0 149 0.5 
148 0 150 0.5 
149 0 119 1 
150 0 183 1 
151 0 148 1 
152 0 158 0.5 
152 0 164 0.5 
152 1 153 0.5 
152 1 154 0.5 
153 0 159 0.5 
153 0 165 0.5 
153 1 123 1 
154 0 160 0.5 
154 0 166 0.5 
154 1 187 1 
155 0 161 0.5 
155 0 167 0.5 
155 1 152 1 
156 0 162 0.5 
156 0 168 0.5 
157 0 163 0.5 
157 0 169 0.5 
158 0 138 1 
158 1 159 0.5 
158 1 160 0.5 
159 0 139 1 
159 1 129 1 
160 0 140 1 
160 1 193 1 
161 0 141 1 
161 1 158 1 
162 0 142 1 
163 0 143 1 
164 0 202 1 
164 1 165 0.5 
164 1 166 0.5 
165 0 203 1 
165 1 135 1 
166 0 204 1 
166 1 199 1 
167 0 205 1 
167 1 164 1 
168 0 206 1 
169 0 207 1 
170 0 152 1 
170 1 171 0.5 
170 1 172 0.5 
171 0 153 1 
171 1 141 1 
172 0 154 1 
172 1 205 1 
173 0 155 1 
173 1 170 1 
174 0 156 1 
175 0 157 1 
176 0 177 0.5 
176 0 178 0.5 
177 0 147 1 
178 0 211 1 
179 0 176 1 
180 0 181 0.5 
180 0 182 0.5 
181 0 151 1 
182 0 215 1 
183 0 180 1 
184 0 190 0.5 
184 0 196 0.5 
184 1 185 0.5 
184 1 186 0.5 
185 0 191 0.5 
185 0 197 0.5 
185 1 155 1 
186 0 192 0.5 
186 0 198 0.5 
186 1 219 1 
187 0 193 0.5 
187 0 199 0.5 
187 1 184 1 
188 0 194 0.5 
188 0 200 0.5 
189 0 195 0.5 
189 0 201 0.5 
190 0 170 1 
190 1 191 0.5 
190 1 192 0.5 
191 0 171 1 
191 1 161 1 
192 0 172 1 
192 1 225 1 
193 0 173 1 
193 1 190 1 
194 0 174 1 
195 0 175 1 
196 0 234 1 
196 1 197 0.5 
196 1 198 0.5 
197 0 235 1 
197 1 167 1 
198 0 236 1 
198 1 231 1 
199 0 237 1 
199 1 196 1 
200 0 238 1 
201 0 239 1 
202 0 184 1 
202 1 203 0.5 
202 1 204 0.5 
203 0 185 1 
203 1 173 1 
204 0 186 1 
204 1 237 1 
205 0 187 1 
205 1 202 1 
206 0 188 1 
207 0 189 1 
208 0 209 0.5 
208 0 210 0.5 
209 0 179 1 
210 0 243 1 
211 0 208 1 
212 0 213 0.5 
212 0 214 0.5 
213 0 183 1 
214 0 247 1 
215 0 212 1 
216 0 222 0.5 
216 0 228 0.5 
216 1 217 0.5 
216 1 218 0.5 
217 0 223 0.5 
217 0 229 0.5 
217 1 187 1 
218 0 224 0.5 
218 0 230 0.5 
218 1 251 1 
219 0 225 0.5 
219 0 231 0.5 
219 1 216 1 
220 0 226 0.5 
220 0 232 0.5 
221 0 227 0.5 
221 0 233 0.5 
222 0 202 1 
222 1 223 0.5 
222 1 224 0.5 
223 0 203 1 
223 1 193 1 
224 0 204 1 
224 1 257 1 
225 0 205 1 
225 1 222 1 
226 0 206 1 
227 0 207 1 
228 0 266 1 
228 1 229 0.5 
228 1 230 0.5 
229 0 267 1 
229 1 199 1 
230 0 268 1 
230 1 263 1 
231 0 269 1 
231 1 228 1 
232 0 270 1 
233 0 271 1 
234 0 216 1 
234 1 235 0.5 
234 1 236 0.5 
235 0 217 1 
235 1 205 1 
236 0 218 1 
236 1 269 1 
237 0 219 1 
237 1 234 1 
238 0 220 1 
239 0 221 1 
240 0 241 0.5 
240 0 242 0.5 
241 0 211 1 
242 0 275 1 
243 0 240 1 
244 0 245 0.5 
244 0 246 0.5 
245 0 215 1 
246 0 279 1 
247 0 244 1 
248 0 254 0.5 
248 0 260 0.5 
248 1 249 0.5 
248 1 250 0.5 
249 0 255 0.5 
249 0 261 0.5 
249 1 219 1 
250 0 256 0.5 
250 0 262 0.5 
250 1 283 1 
251 0 257 0.5 
251 0 263 0.5 
251 1 248 1 
252 0 258 0.5 
252 0 264 0.5 
253 0 259 0.5 
253 0 265 0.5 
254 0 234 1 
254 1 255 0.5 
254 1 256 0.5 
255 0 235 1 
255 1 225 1 
256 0 236 1 
256 1 289 1 
257 0 237 1 
257 1 254 1 
258 0 238 1 
259 0 239 1 
260 0 298 1 
260 1 261 0.5 
260 1 262 0.5 
261 0 299 1 
261 1 231 1 
262 0 300 1 
262 1 295 1 
263 0 301 1 
263 1 260 1 
264 0 302 1 
265 0 303 1 
266 0 248 1 
266 1 267 0.5 
266 1 268 0.5 
267 0 249 1 
267 1 237 1 
268 0 250 1 
268 1 301 1 
269 0 251 1 
269 1 266 1 
270 0 252 1 
271 0 253 1 
272 0 273 0.5 
272 0 274 0.5 
273 0 243 1 
274 0 307 1 
275 0 272 1 
276 0 277 0.5 
276 0 278 0.5 
277 0 247 1 
278 0 311 1 
279 0 276 1 
280 0 286 0.5 
280 0 292 0.5 
280 1 281 0.5 
280 1 282 0.5 
281 0 287 0.5 
281 0 293 0.5 
281 1 251 1 
282 0 288 0.5 
282 0 294 0.5 
282 1 315 1 
283 0 289 0.5 
283 0 295 0.5 
283 1 280 1 
284 0 290 0.5 
284 0 296 0.5 
285 0 291 0.5 
285 0 297 0.5 
286 0 266 1 
286 1 287 0.5 
286 1 288 0.5 
287 0 267 1 
287 1 257 1 
288 0 268 1 
288 1 321 1 
289 0 269 1 
289 1 286 1 
290 0 270 1 
291 0 271 1 
292 0 330 1 
292 1 293 0.5 
292 1 294 0.5 
293 0 331 1 
293 1 263 1 
294 0 332 1 
294 1 327 1 
295 0 333 1 
295 1 292 1 
296 0 334 1 
297 0 335 1 
298 0 280 1 
298 1 299 0.5 
298 1 300 0.5 
299 0 281 1 
299 1 269 1 
300 0 282 1 
300 1 333 1 
301 0 283 1 
301 1 298 1 
302 0 284 1 
303 0 285 1 
304 0 305 0.5 
304 0 306 0.5 
305 0 275 1 
306 0 339 1 
307 0 304 1 
308 0 309 0.5 
308 0 310 0.5 
309 0 279 1 
310 0 343 1 
311 0 308 1 
312 0 318 0.5 
312 0 324 0.5 
312 1 313 0.5 
312 1 314 0.5 
313 0 319 0.5 
313 0 325 0.5 
313 1 283 1 
314 0 320 0.5 
314 0 326 0.5 
314 1 347 1 
315 0 321 0.5 
315 0 327 0.5 
315 1 312 1 
316 0 322 0.5 
316 0 328 0.5 
317 0 323 0.5 
317 0 329 0.5 
318 0 298 1 
318 1 319 0.5 
318 1 320 0.5 
319 0 299 1 
319 1 289 1 
320 0 300 1 
320 1 353 1 
321 0 301 1 
321 1 318 1 
322 0 302 1 
323 0 303 1 
324 0 362 1 
324 1 325 0.5 
324 1 326 0.5 
325 0 363 1 
325 1 295 1 
326 0 364 1 
326 1 359 1 
327 0 365 1 
327 1 324 1 
328 0 366 1 
329 0 367 1 
330 0 312 1 
330 1 331 0.5 
330 1 332 0.5 
331 0 313 1 
331 1 301 1 
332 0 314 1 
332 1 365 1 
333 0 315 1 
333 1 330 1 
334 0 316 1 
335 0 317 1 
336 0 337 0.5 
336 0 338 0.5 
337 0 307 1 
338 0 371 1 
339 0 336 1 
340 0 341 0.5 
340 0 342 0.5 
341 0 311 1 
342 0 375 1 
343 0 340 1 
344 0 350 0.5 
344 0 356 0.5 
344 1 345 0.5 
344 1 346 0.5 
345 0 351 0.5 
345 0 357 0.5 
345 1 315 1 
346 0 352 0.5 
346 0 358 0.5 
346 1 379 1 
347 0 353 0.5 
347 0 359 0.5 
347 1 344 1 
348 0 354 0.5 
348 0 360 0.5 
349 0 355 0.5 
349 0 361 0.5 
350 0 330 1 
350 1 351 0.5 
350 1 352 0.5 
351 0 331 1 
351 1 321 1 
352 0 332 1 
352 1 385 1 
353 0 333 1 
353 1 350 1 
354 0 334 1 
355 0 335 1 
356 0 394 1 
356 1 357 0.5 
356 1 358 0.5 
357 0 395 1 
357 1 327 1 
358 0 396 1 
358 1 391 1 
359 0 397 1 
359 1 356 1 
360 0 398 1 
361 0 399 1 
362 0 344 1 
362 1 363 0.5 
362 1 364 0.5 
363 0 345 1 
363 1 333 1 
364 0 346 1 
364 1 397 1 
365 0 347 1 
365 1 362 1 
366 0 348 1 
367 0 349 1 
368 0 369 0.5 
368 0 370 0.5 
369 0 339 1 
370 0 403 1 
371 0 368 1 
372 0 373 0.5 
372 0 374 0.5 
373 0 343 1 
374 0 407 1 
375 0 372 1 
376 0 382 0.5 
376 0 388 0.5 
376 1 377 0.5 
376 1 378 0.5 
377 0 383 0.5 
377 0 389 0.5 
377 1 347 1 
378 0 384 0.5 
378 0 390 0.5 
378 1 411 1 
379 0 385 0.5 
379 0 391 0.5 
379 1 376 1 
380 0 386 0.5 
380 0 392 0.5 
381 0 387 0.5 
381 0 393 0.5 
382 0 362 1 
382 1 383 0.5 
382 1 384 0.5 
383 0 363 1 
383 1 353 1 
384 0 364 1 
384 1 417 1 
385 0 365 1 
385 1 382 1 
386 0 366 1 
387 0 367 1 
388 0 426 1 
388 1 389 0.5 
388 1 390 0.5 
389 0 427 1 
389 1 359 1 
390 0 428 1 
390 1 423 1 
391 0 429 1 
391 1 388 1 
392 0 430 1 
393 0 431 1 
394 0 376 1 
394 1 395 0.5 
394 1 396 0.5 
395 0 377 1 
395 1 365 1 
396 0 378 1 
396 1 429 1 
397 0 379 1 
397 1 394 1 
398 0 380 1 
399 0 381 1 
400 0 401 0.5 
400 0 402 0.5 
401 0 371 1 
402 0 435 1 
403 0 400 1 
404 0 405 0.5 
404 0 406 0.5 
405 0 375 1 
406 0 439 1 
407 0 404 1 
408 0 414 0.5 
408 0 420 0.5 
408 1 409 0.5 
408 1 410 0.5 
409 0 415 0.5 
409 0 421 0.5 
409 1 379 1 
410 0 416 0.5 
410 0 422 0.5 
410 1 443 1 
411 0 417 0.5 
411 0 423 0.5 
411 1 408 1 
412 0 418 0.5 
412 0 424 0.5 
413 0 419 0.5 
413 0 425 0.5 
414 0 394 1 
414 1 415 0.5 
414 1 416 0.5 
415 0 395 1 
415 1 385 1 
416 0 396 1 
416 1 449 1 
417 0 397 1 
417 1 414 1 
418 0 398 1 
419 0 399 1 
420 0 458 1 
420 1 421 0.5 
420 1 422 0.5 
421 0 459 1 
421 1 391 1 
422 0 460 1 
422 1 455 1 
423 0 461 1 
423 1 420 1 
424 0 462 1 
425 0 463 1 
426 0 408 1 
426 1 427 0.5 
426 1 428 0.5 
427 0 409 1 
427 1 397 1 
428 0 410 1 
428 1 461 1 
429 0 411 1 
429 1 426 1 
430 0 412 1 
431 0 413 1 
432 0 433 0.5 
432 0 434 0.5 
433 0 403 1 
434 0 467 1 
435 0 432 1 
436 0 437 0.5 
436 0 438 0.5 
437 0 407 1 
438 0 471 1 
439 0 436 1 
440 0 446 0.5 
440 0 452 0.5 
440 1 441 0.5 
440 1 442 0.5 
441 0 447 0.5 
441 0 453 0.5 
441 1 411 1 
442 0 448 0.5 
442 0 454 0.5 
442 1 475 1 
443 0 449 0.5 
443 0 455 0.5 
443 1 440 1 
444 0 450 0.5 
444 0 456 0.5 
445 0 451 0.5 
445 0 457 0.5 
446 0 426 1 
446 1 447 0.5 
446 1 448 0.5 
447 0 427 1 
447 1 417 1 
448 0 428 1 
448 1 481 1 
449 0 429 1 
449 1 446 1 
450 0 430 1 
451 0 431 1 
452 0 490 1 
452 1 453 0.5 
452 1 454 0.5 
453 0 491 1 
453 1 423 1 
454 0 492 1 
454 1 487 1 
455 0 493 1 
455 1 452 1 
456 0 494 1 
457 0 495 1 
458 0 440 1 
458 1 459 0.5 
458 1 460 0.5 
459 0 441 1 
459 1 429 1 
460 0 442 1 
460 1 493 1 
461 0 443 1 
461 1 458 1 
462 0 444 1 
463 0 445 1 
464 0 465 0.5 
464 0 466 0.5 
465 0 435 1 
466 0 499 1 
467 0 464 1 
468 0 469 0.5 
468 0 470 0.5 
469 0 439 1 
470 0 503 1 
471 0 468 1 
472 0 478 0.5 
472 0 484 0.5 
472 1 473 0.5 
472 1 474 0.5 
473 0 479 0.5 
473 0 485 0.5 
473 1 443 1 
474 0 480 0.5 
474 0 486 0.5 
474 1 507 1 
475 0 481 0.5 
475 0 487 0.5 
475 1 472 1 
476 0 482 0.5 
476 0 488 0.5 
477 0 483 0.5 
477 0 489 0.5 
478 0 458 1 
478 1 479 0.5 
478 1 480 0.5 
479 0 459 1 
479 1 449 1 
480 0 460 1 
480 1 513 1 
481 0 461 1 
481 1 478 1 
482 0 462 1 
483 0 463 1 
484 0 522 1 
484 1 485 0.5 
484 1 486 0.5 
485 0 523 1 
485 1 455 1 
486 0 524 1 
486 1 519 1 
487 0 525 1 
487 1 484 1 
488 0 526 1 
489 0 527 1 
490 0 472 1 
490 1 491 0.5 
490 1 492 0.5 
491 0 473 1 
491 1 461 1 
492 0 474 1 
492 1 525 1 
493 0 475 1 
493 1 490 1 
494 0 476 1 
495 0 477 1 
496 0 497 0.5 
496 0 498 0.5 
497 0 467 1 
498 0 531 1 
499 0 496 1 
500 0 501 0.5 
500 0 502 0.5 
501 0 471 1 
502 0 535 1 
503 0 500 1 
504 0 510 0.5 
504 0 516 0.5 
504 1 505 0.5 
504 1 506 0.5 
505 0 511 0.5 
505 0 517 0.5 
505 1 475 1 
506 0 512 0.5 
506 0 518 0.5 
506 1 539 1 
507 0 513 0.5 
507 0 519 0.5 
507 1 504 1 
508 0 514 0.5 
508 0 520 0.5 
509 0 515 0.5 
509 0 521 0.5 
510 0 490 1 
510 1 511 0.5 
510 1 512 0.5 
511 0 491 1 
511 1 481 1 
512 0 492 1 
512 1 545 1 
513 0 493 1 
513 1 510 1 
514 0 494 1 
515 0 495 1 
516 0 554 1 
516 1 517 0.5 
516 1 518 0.5 
517 0 555 1 
517 1 487 1 
518 0 556 1 
518 1 551 1 
519 0 557 1 
519 1 516 1 
520 0 558 1 
521 0 559 1 
522 0 504 1 
522 1 523 0.5 
522 1 524 0.5 
523 0 505 1 
523 1 493 1 
524 0 506 1 
524 1 557 1 
525 0 507 1 
525 1 522 1 
526 0 508 1 
527 0 509 1 
528 0 529 0.5 
528 0 530 0.5 
529 0 499 1 
530 0 563 1 
531 0 528 1 
532 0 533 0.5 
532 0 534 0.5 
533 0 503 1 
534 0 567 1 
535 0 532 1 
536 0 542 0.5 
536 0 548 0.5 
536 1 537 0.5 
536 1 538 0.5 
537 0 543 0.5 
537 0 549 0.5 
537 1 507 1 
538 0 544 0.5 
538 0 550 0.5 
538 1 571 1 
539 0 545 0.5 
539 0 551 0.5 
539 1 536 1 
540 0 546 0.5 
540 0 552 0.5 
541 0 547 0.5 
541 0 553 0.5 
542 0 522 1 
542 1 543 0.5 
542 1 544 0.5 
543 0 523 1 
543 1 513 1 
544 0 524 1 
544 1 577 1 
545 0 525 1 
545 1 542 1 
546 0 526 1 
547 0 527 1 
548 0 586 1 
548 1 549 0.5 
548 1 550 0.5 
549 0 587 1 
549 1 519 1 
550 0 588 1 
550 1 583 1 
551 0 589 1 
551 1 548 1 
552 0 590 1 
553 0 591 1 
554 0 536 1 
554 1 555 0.5 
554 1 556 0.5 
555 0 537 1 
555 1 525 1 
556 0 538 1 
556 1 589 1 
557 0 539 1 
557 1 554 1 
558 0 540 1 
559 0 541 1 
560 0 561 0.5 
560 0 562 0.5 
561 0 531 1 
562 0 595 1 
563 0 560 1 
564 0 565 0.5 
564 0 566 0.5 
565 0 535 1 
566 0 599 1 
567 0 564 1 
568 0 574 0.5 
568 0 580 0.5 
568 1 569 0.5 
568 1 570 0.5 
569 0 575 0.5 
569 0 581 0.5 
569 1 539 1 
570 0 576 0.5 
570 0 582 0.5 
570 1 603 1 
571 0 577 0.5 
571 0 583 0.5 
571 1 568 1 
572 0 578 0.5 
572 0 584 0.5 
573 0 579 0.5 
573 0 585 0.5 
574 0 554 1 
574 1 575 0.5 
574 1 576 0.5 
575 0 555 1 
575 1 545 1 
576 0 556 1 
576 1 609 1 
577 0 557 1 
577 1 574 1 
578 0 558 1 
579 0 559 1 
580 0 618 1 
580 1 581 0.5 
580 1 582 0.5 
581 0 619 1 
581 1 551 1 
582 0 620 1 
582 1 615 1 
583 0 621 1 
583 1 580 1 
584 0 622 1 
585 0 623 1 
586 0 568 1 
586 1 587 0.5 
586 1 588 0.5 
587 0 569 1 
587 1 557 1 
588 0 570 1 
588 1 621 1 
589 0 571 1 
589 1 586 1 
590 0 572 1 
591 0 573 1 
592 0 593 0.5 
592 0 594 0.5 
593 0 563 1 
594 0 627 1 
595 0 592 1 
596 0 597 0.5 
596 0 598 0.5 
597 0 567 1 
598 0 631 1 
599 0 596 1 
600 0 606 0.5 
600 0 612 0.5 
600 1 601 0.5 
600 1 602 0.5 
601 0 607 0.5 
601 0 613 0.5 
601 1 571 1 
602 0 608 0.5 
602 0 614 0.5 
602 1 635 1 
603 0 609 0.5 
603 0 615 0.5 
603 1 600 1 
604 0 610 0.5 
604 0 616 0.5 
605 0 611 0.5 
605 0 617 0.5 
606 0 586 1 
606 1 607 0.5 
606 1 608 0.5 
607 0 587 1 
607 1 577 1 
608 0 588 1 
608 1 641 1 
609 0 589 1 
609 1 606 1 
610 0 590 1 
611 0 591 1 
612 0 650 1 
612 1 613 0.5 
612 1 614 0.5 
613 0 651 1 
613 1 583 1 
614 0 652 1 
614 1 647 1 
615 0 653 1 
615 1 612 1 
616 0 654 1 
617 0 655 1 
618 0 600 1 
618 1 619 0.5 
618 1 620 0.5 
619 0 601 1 
619 1 589 1 
620 0 602 1 
620 1 653 1 
621 0 603 1 
621 1 618 1 
622 0 604 1 
623 0 605 1 
624 0 625 0.5 
624 0 626 0.5 
625 0 595 1 
626 0 659 1 
627 0 624 1 
628 0 629 0.5 
628 0 630 0.5 
629 0 599 1 
630 0 663 1 
631 0 628 1 
632 0 638 0.5 
632 0 644 0.5 
632 1 633 0.5 
632 1 634 0.5 
633 0 639 0.5 
633 0 645 0.5 
633 1 603 1 
634 0 640 0.5 
634 0 646 0.5 
634 1 667 1 
635 0 641 0.5 
635 0 647 0.5 
635 1 632 1 
636 0 642 0.5 
636 0 648 0.5 
637 0 643 0.5 
637 0 649 0.5 
638 0 618 1 
638 1 639 0.5 
638 1 640 0.5 
639 0 619 1 
639 1 609 1 
640 0 620 1 
640 1 673 1 
641 0 621 1 
641 1 638 1 
642 0 622 1 
643 0 623 1 
644 0 682 1 
644 1 645 0.5 
644 1 646 0.5 
645 0 683 1 
645 1 615 1 
646 0 684 1 
646 1 679 1 
647 0 685 1 
647 1 644 1 
648 0 686 1 
649 0 687 1 
650 0 632 1 
650 1 651 0.5 
650 1 652 0.5 
651 0 633 1 
651 1 621 1 
652 0 634 1 
652 1 685 1 
653 0 635 1 
653 1 650 1 
654 0 636 1 
655 0 637 1 
656 0 657 0.5 
656 0 658 0.5 
657 0 627 1 
658 0 691 1 
659 0 656 1 
660 0 661 0.5 
660 0 662 0.5 
661 0 631 1 
662 0 695 1 
663 0 660 1 
664 0 670 0.5 
664 0 676 0.5 
664 1 665 0.5 
664 1 666 0.5 
665 0 671 0.5 
665 0 677 0.5 
665 1 635 1 
666 0 672 0.5 
666 0 678 0.5 
666 1 699 1 
667 0 673 0.5 
667 0 679 0.5 
667 1 664 1 
668 0 674 0.5 
668 0 680 0.5 
669 0 675 0.5 
669 0 681 0.5 
670 0 650 1 
670 1 671 0.5 
670 1 672 0.5 
671 0 651 1 
671 1 641 1 
672 0 652 1 
672 1 705 1 
673 0 653 1 
673 1 670 1 
674 0 654 1 
675 0 655 1 
676 0 714 1 
676 1 677 0.5 
676 1 678 0.5 
677 0 715 1 
677 1 647 1 
678 0 716 1 
678 1 711 1 
679 0 717 1 
679 1 676 1 
680 0 718 1 
681 0 719 1 
682 0 664 1 
682 1 683 0.5 
682 1 684 0.5 
683 0 665 1 
683 1 653 1 
684 0 666 1 
684 1 717 1 
685 0 667 1 
685 1 682 1 
686 0 668 1 
687 0 669 1 
688 0 689 0.5 
688 0 690 0.5 
689 0 659 1 
690 0 723 1 
691 0 688 1 
692 0 693 0.5 
692 0 694 0.5 
693 0 663 1 
694 0 727 1 
695 0 692 1 
696 0 702 0.5 
696 0 708 0.5 
696 1 697 0.5 
696 1 698 0.5 
697 0 703 0.5 
697 0 709 0.5 
697 1 667 1 
698 0 704 0.5 
698 0 710 0.5 
698 1 731 1 
699 0 705 0.5 
699 0 711 0.5 
699 1 696 1 
700 0 706 0.5 
700 0 712 0.5 
701 0 707 0.5 
701 0 713 0.5 
702 0 682 1 
702 1 703 0.5 
702 1 704 0.5 
703 0 683 1 
703 1 673 1 
704 0 684 1 
704 1 737 1 
705 0 685 1 
705 1 702 1 
706 0 686 1 
707 0 687 1 
708 0 746 1 
708 1 709 0.5 
708 1 710 0.5 
709 0 747 1 
709 1 679 1 
710 0 748 1 
710 1 743 1 
711 0 749 1 
711 1 708 1 
712 0 750 1 
713 0 751 1 
714 0 696 1 
714 1 715 0.5 
714 1 716 0.5 
715 0 697 1 
715 1 685 1 
716 0 698 1 
716 1 749 1 
717 0 699 1 
717 1 714 1 
718 0 700 1 
719 0 701 1 
720 0 721 0.5 
720 0 722 0.5 
721 0 691 1 
722 0 755 1 
723 0 720 1 
724 0 725 0.5 
724 0 726 0.5 
725 0 695 1 
726 0 759 1 
727 0 724 1 
728 0 734 0.5 
728 0 740 0.5 
728 1 729 0.5 
728 1 730 0.5 
729 0 735 0.5 
729 0 741 0.5 
729 1 699 1 
730 0 736 0.5 
730 0 742 0.5 
730 1 763 1 
731 0 737 0.5 
731 0 743 0.5 
731 1 728 1 
732 0 738 0.5 
732 0 744 0.5 
733 0 739 0.5 
733 0 745 0.5 
734 0 714 1 
734 1 735 0.5 
734 1 736 0.5 
735 0 715 1 
735 1 705 1 
736 0 716 1 
736 1 769 1 
737 0 717 1 
737 1 734 1 
738 0 718 1 
739 0 719 1 
740 0 778 1 
740 1 741 0.5 
740 1 742 0.5 
741 0 779 1 
741 1 711 1 
742 0 780 1 
742 1 775 1 
743 0 781 1 
743 1 740 1 
744 0 782 1 
745 0 783 1 
746 0 728 1 
746 1 747 0.5 
746 1 748 0.5 
747 0 729 1 
747 1 717 1 
748 0 730 1 
748 1 781 1 
749 0 731 1 
749 1 746 1 
750 0 732 1 
751 0 733 1 
752 0 753 0.5 
752 0 754 0.5 
753 0 723 1 
754 0 787 1 
755 0 752 1 
756 0 757 0.5 
756 0 758 0.5 
757 0 727 1 
758 0 791 1 
759 0 756 1 
760 0 766 0.5 
760 0 772 0.5 
760 1 761 0.5 
760 1 762 0.5 
761 0 767 0.5 
761 0 773 0.5 
761 1 731 1 
762 0 768 0.5 
762 0 774 0.5 
762 1 795 1 
763 0 769 0.5 
763 0 775 0.5 
763 1 760 1 
764 0 770 0.5 
764 0 776 0.5 
765 0 771 0.5 
765 0 777 0.5 
766 0 746 1 
766 1 767 0.5 
766 1 768 0.5 
767 0 747 1 
767 1 737 1 
768 0 748 1 
768 1 801 1 
769 0 749 1 
769 1 766 1 
770 0 750 1 
771 0 751 1 
772 0 810 1 
772 1 773 0.5 
772 1 774 0.5 
773 0 811 1 
773 1 743 1 
774 0 812 1 
774 1 807 1 
775 0 813 1 
775 1 772 1 
776 0 814 1 
777 0 815 1 
778 0 760 1 
778 1 779 0.5 
778 1 780 0.5 
779 0 761 1 
779 1 749 1 
780 0 762 1 
780 1 813 1 
781 0 763 1 
781 1 778 1 
782 0 764 1 
783 0 765 1 
784 0 785 0.5 
784 0 786 0.5 
785 0 755 1 
786 0 819 1 
787 0 784 1 
788 0 789 0.5 
788 0 790 0.5 
789 0 759 1 
790 0 823 1 
791 0 788 1 
792 0 798 0.5 
792 0 804 0.5 
792 1 793 0.5 
792 1 794 0.5 
793 0 799 0.5 
793 0 805 0.5 
793 1 763 1 
794 0 800 0.5 
794 0 806 0.5 
794 1 827 1 
795 0 801 0.5 
795 0 807 0.5 
795 1 792 1 
796 0 802 0.5 
796 0 808 0.5 
797 0 803 0.5 
797 0 809 0.5 
798 0 778 1 
798 1 799 0.5 
798 1 800 0.5 
799 0 779 1 
799 1 769 1 
800 0 780 1 
800 1 833 1 
801 0 781 1 
801 1 798 1 
802 0 782 1 
803 0 783 1 
804 0 842 1 
804 1 805 0.5 
804 1 806 0.5 
805 0 843 1 
805 1 775 1 
806 0 844 1 
806 1 839 1 
807 0 845 1 
807 1 804 1 
808 0 846 1 
809 0 847 1 
810 0 792 1 
810 1 811 0.5 
810 1 812 0.5 
811 0 793 1 
811 1 781 1 
812 0 794 1 
812 1 845 1 
813 0 795 1 
813 1 810 1 
814 0 796 1 
815 0 797 1 
816 0 817 0.5 
816 0 818 0.5 
817 0 787 1 
818 0 851 1 
819 0 816 1 
820 0 821 0.5 
820 0 822 0.5 
821 0 791 1 
822 0 855 1 
823 0 820 1 
824 0 830 0.5 
824 0 836 0.5 
824 1 825 0.5 
824 1 826 0.5 
825 0 831 0.5 
825 0 837 0.5 
825 1 795 1 
826 0 832 0.5 
826 0 838 0.5 
826 1 859 1 
827 0 833 0.5 
827 0 839 0.5 
827 1 824 1 
828 0 834 0.5 
828 0 840 0.5 
829 0 835 0.5 
829 0 841 0.5 
830 0 810 1 
830 1 831 0.5 
830 1 832 0.5 
831 0 811 1 
831 1 801 1 
832 0 812 1 
832 1 865 1 
833 0 813 1 
833 1 830 1 
834 0 814 1 
835 0 815 1 
836 0 874 1 
836 1 837 0.5 
836 1 838 0.5 
837 0 875 1 
837 1 807 1 
838 0 876 1 
838 1 871 1 
839 0 877 1 
839 1 836 1 
840 0 878 1 
841 0 879 1 
842 0 824 1 
842 1 843 0.5 
842 1 844 0.5 
843 0 825 1 
843 1 813 1 
844 0 826 1 
844 1 877 1 
845 0 827 1 
845 1 842 1 
846 0 828 1 
847 0 829 1 
848 0 849 0.5 
848 0 850 0.5 
849 0 819 1 
850 0 883 1 
851 0 848 1 
852 0 853 0.5 
852 0 854 0.5 
853 0 823 1 
854 0 887 1 
855 0 852 1 
856 0 862 0.5 
856 0 868 0.5 
856 1 857 0.5 
856 1 858 0.5 
857 0 863 0.5 
857 0 869 0.5 
857 1 827 1 
858 0 864 0.5 
858 0 870 0.5 
858 1 891 1 
859 0 865 0.5 
859 0 871 0.5 
859 1 856 1 
860 0 866 0.5 
860 0 872 0.5 
861 0 867 0.5 
861 0 873 0.5 
862 0 842 1 
862 1 863 0.5 
862 1 864 0.5 
863 0 843 1 
863 1 833 1 
864 0 844 1 
864 1 897 1 
865 0 845 1 
865 1 862 1 
866 0 846 1 
867 0 847 1 
868 0 906 1 
868 1 869 0.5 
868 1 870 0.5 
869 0 907 1 
869 1 839 1 
870 0 908 1 
870 1 903 1 
871 0 909 1 
871 1 868 1 
872 0 910 1 
873 0 911 1 
874 0 856 1 
874 1 875 0.5 
874 1 876 0.5 
875 0 857 1 
875 1 845 1 
876 0 858 1 
876 1 909 1 
877 0 859 1 
877 1 874 1 
878 0 860 1 
879 0 861 1 
880 0 881 0.5 
880 0 882 0.5 
881 0 851 1 
882 0 915 1 
883 0 880 1 
884 0 885 0.5 
884 0 886 0.5 
885 0 855 1 
886 0 919 1 
887 0 884 1 
888 0 894 0.5 
888 0 900 0.5 
888 1 889 0.5 
888 1 890 0.5 
889 0 895 0.5 
889 0 901 0.5 
889 1 859 1 
890 0 896 0.5 
890 0 902 0.5 
890 1 923 1 
891 0 897 0.5 
891 0 903 0.5 
891 1 888 1 
892 0 898 0.5 
892 0 904 0.5 
893 0 899 0.5 
893 0 905 0.5 
894 0 874 1 
894 1 895 0.5 
894 1 896 0.5 
895 0 875 1 
895 1 865 1 
896 0 876 1 
896 1 929 1 
897 0 877 1 
897 1 894 1 
898 0 878 1 
899 0 879 1 
900 0 938 1 
900 1 901 0.5 
900 1 902 0.5 
901 0 939 1 
901 1 871 1 
902 0 940 1 
902 1 935 1 
903 0 941 1 
903 1 900 1 
904 0 942 1 
905 0 943 1 
906 0 888 1 
906 1 907 0.5 
906 1 908 0.5 
907 0 889 1 
907 1 877 1 
908 0 890 1 
908 1 941 1 
909 0 891 1 
909 1 906 1 
910 0 892 1 
911 0 893 1 
912 0 913 0.5 
912 0 914 0.5 
913 0 883 1 
914 0 947 1 
915 0 912 1 
916 0 917 0.5 
916 0 918 0.5 
917 0 887 1 
918 0 951 1 
919 0 916 1 
920 0 926 0.5 
920 0 932 0.5 
920 1 921 0.5 
920 1 922 0.5 
921 0 927 0.5 
921 0 933 0.5 
921 1 891 1 
922 0 928 0.5 
922 0 934 0.5 
922 1 955 1 
923 0 929 0.5 
923 0 935 0.5 
923 1 920 1 
924 0 930 0.5 
924 0 936 0.5 
925 0 931 0.5 
925 0 937 0.5 
926 0 906 1 
926 1 927 0.5 
926 1 928 0.5 
927 0 907 1 
927 1 897 1 
928 0 908 1 
928 1 961 1 
929 0 909 1 
929 1 926 1 
930 0 910 1 
931 0 911 1 
932 0 970 1 
932 1 933 0.5 
932 1 934 0.5 
933 0 971 1 
933 1 903 1 
934 0 972 1 
934 1 967 1 
935 0 973 1 
935 1 932 1 
936 0 974 1 
937 0 975 1 
938 0 920 1 
938 1 939 0.5 
938 1 940 0.5 
939 0 921 1 
939 1 909 1 
940 0 922 1 
940 1 973 1 
941 0 923 1 
941 1 938 1 
942 0 924 1 
943 0 925 1 
944 0 945 0.5 
944 0 946 0.5 
945 0 915 1 
946 0 979 1 
947 0 944 1 
948 0 949 0.5 
948 0 950 0.5 
949 0 919 1 
950 0 983 1 
951 0 948 1 
952 0 958 0.5 
952 0 964 0.5 
952 1 953 0.5 
952 1 954 0.5 
953 0 959 0.5 
953 0 965 0.5 
953 1 923 1 
954 0 960 0.5 
954 0 966 0.5 
954 1 987 1 
955 0 961 0.5 
955 0 967 0.5 
955 1 952 1 
956 0 962 0.5 
956 0 968 0.5 
957 0 963 0.5 
957 0 969 0.5 
958 0 938 1 
958 1 959 0.5 
958 1 960 0.5 
959 0 939 1 
959 1 929 1 
960 0 940 1 
960 1 993 1 
961 0 941 1 
961 1 958 1 
962 0 942 1 
963 0 943 1 
964 0 1002 1 
964 1 965 0.5 
964 1 966 0.5 
965 0 1003 1 
965 1 935 1 
966 0 1004 1 
966 1 999 1 
967 0 1005 1 
967 1 964 1 
968 0 1006 1 
969 0 1007 1 
970 0 952 1 
970 1 971 0.5 
970 1 972 0.5 
971 0 953 1 
971 1 941 1 
972 0 954 1 
972 1 1005 1 
973 0 955 1 
973 1 970 1 
974 0 956 1 
975 0 957 1 
976 0 977 0.5 
976 0 978 0.5 
977 0 947 1 
978 0 1011 1 
979 0 976 1 
980 0 981 0.5 
980 0 982 0.5 
981 0 951 1 
982 0 1015 1 
983 0 980 1 
984 0 990 0.5 
984 0 996 0.5 
984 1 985 0.5 
984 1 986 0.5 
985 0 991 0.5 
985 0 997 0.5 
985 1 955 1 
986 0 992 0.5 
986 0 998 0.5 
986 1 1016 1 
987 0 993 0.5 
987 0 999 0.5 
987 1 984 1 
988 0 994 0.5 
988 0 1000 0.5 
989 0 995 0.5 
989 0 1001 0.5 
990 0 970 1 
990 1 991 0.5 
990 1 992 0.5 
991 0 971 1 
991 1 961 1 
992 0 972 1 
992 1 1018 1 
993 0 973 1 
993 1 990 1 
994 0 974 1 
995 0 975 1 
996 0 1022 1 
996 1 997 0.5 
996 1 998 0.5 
997 0 1023 1 
997 1 967 1 
998 0 1024 1 
998 1 1020 1 
999 0 1025 1 
999 1 996 1 
1000 0 1026 1 
1001 0 1027 1 
1002 0 984 1 
1002 1 1003 0.5 
1002 1 1004 0.5 
1003 0 985 1 
1003 1 973 1 
1004 0 986 1 
1004 1 1025 1 
1005 0 987 1 
1005 1 1002 1 
1006 0 988 1 
1007 0 989 1 
1008 0 1009 0.5 
1008 0 1010 0.5 
1009 0 979 1 
1010 0 1028 1 
1011 0 1008 1 
1012 0 1013 0.5 
1012 0 1014 0.5 
1013 0 983 1 
1014 0 1033 1 
1015 0 1012 1 
1016 0 1018 0.5 
1016 0 1020 0.5 
1016 1 1017 1 
1017 0 1019 0.5 
1017 0 1021 0.5 
1018 0 1005 1 
1018 1 1019 1 
1019 0 1007 1 
1020 0 1036 1 
1020 1 1021 1 
1021 0 1037 1 
1022 0 1030 1 
1022 1 1023 0.5 
1022 1 1024 0.5 
1023 0 1031 1 
1023 1 1005 1 
1024 0 1032 1 
1024 1 1036 1 
1025 0 1033 1 
1025 1 1027 1 
1026 0 1034 1 
1027 0 1035 1 
1028 0 1029 1 
1029 0 1029 1 done
1030 0 1031 0.5 
1030 0 1032 0.5 
1031 0 1015 1 
1032 0 1038 1 
1033 0 1035 1 
1034 0 1034 1 done
1035 0 1035 1 done
1036 0 1038 1 
1036 1 1037 1 
1037 0 1039 1 
1038 0 1039 1 
1039 0 1039 1 done
